0.509119212627
0.302075326443
0.198990792036
0.127335876226
0.083980619907
0.060621879995
0.048008888960
0.037865750492
0.031487010419
0.026512622833
0.022891486064
0.020011946559
0.017832029611
0.015888260677
0.014336360618
0.012963614427
0.011783518828
0.010743479244
0.009859337471
0.009054460563
0.008344140835
0.007688554469
0.007098549511
0.006559219677
0.006071214098
0.005618271884
0.005208675750
0.004829652142
0.004482320976
0.004163367674
0.003870389890
0.003597836010
0.003347570309
0.003115613479
0.002901687287
0.002704691375
0.002522017574
0.002351895208
0.002194133122
0.002047549468
0.001910718856
0.001783938264
0.001665479969
0.001555372961
0.001452732948
0.001357344911
0.001267970190
0.001185273519
0.001107689342
0.001035609865
