0.530555844307
0.328048795462
0.225199669600
0.150174841285
0.103213623166
0.077642396092
0.064077086747
0.052667085081
0.045638959855
0.040046870708
0.036033086479
0.032826788723
0.030482558534
0.028303401545
0.026614159346
0.025079075247
0.023755928501
0.022571142763
0.021585788578
0.020658290014
0.019839238375
0.019050205126
0.018328890204
0.017649415880
0.017024144530
0.016417387873
0.015861352906
0.015326407738
0.014823099598
0.014348036610
0.013899973594
0.013465181924
0.013056060299
0.012663029134
0.012290123850
0.011938093230
0.011600504629
0.011273489334
0.010960111395
0.010658547282
0.010365063325
0.010084782727
0.009811553173
0.009548705071
0.009294099174
0.009049473330
0.008809549734
0.008581730537
0.008357682265
0.008142835461
0.007933392189
0.007731952239
0.007533844560
0.007345302962
0.007158955093
0.006980855484
0.006806155667
0.006638417952
0.006473378278
0.006316278130
0.006160507444
0.006011915393
0.005865467712
0.005724882707
0.005586161278
0.005454431754
0.005323288962
0.005198592320
0.005074948538
0.004956788849
0.004839413799
0.004728081170
0.004616791848
0.004511109553
0.004405920859
0.004305645358
0.004205656238
0.004110871349
0.004015917890
0.003925979137
0.003836143296
0.003750971751
0.003665729892
0.003585140686
0.003504263703
0.003427737625
0.003351056017
0.003278660355
0.003206014866
0.003137448803
0.003068489488
0.003003436606
0.002938018180
0.002876317594
0.002814297331
0.002755672671
0.002696597250
0.002640811959
0.002584555885
0.002531405771
0.002477811417
0.002427133964
0.002376028802
0.002327827737
0.002279296052
0.002233451698
0.002187214326
0.002143471967
0.002099366393
0.002057665493
0.002015593229
0.001975754509
0.001935571316
0.001897517941
0.001859143958
0.001822809689
0.001786142937
0.001751409727
0.001716376049
0.001683198614
0.001649734681
0.001618087990
0.001586175757
0.001556033152
0.001525921398
0.001497547026
0.001468899660
0.001441811561
0.001414417988
0.001388460747
0.001362200128
0.001337336842
0.001312180306
0.001288376166
0.001264297171
0.001241504564
0.001218473306
0.001196787925
0.001174855395
0.001154101687
0.001133075566
0.001113163191
0.001092972467
0.001073854393
0.001054477529
0.001036138972
0.001017551054
