1.070406198502
0.615010201931
0.340180516243
0.195455357432
0.126637682319
0.091501183808
0.071254640818
0.057421080768
0.047806736082
0.041240576655
0.036131180823
0.032007001340
0.028651718050
0.025889113545
0.023491911590
0.021432779729
0.019613182172
0.018021352589
0.016595102847
0.015324596316
0.014175969176
0.013141436502
0.012196504511
0.011339371093
0.010549945757
0.009833505377
0.009172187187
0.008568190970
0.008007349446
0.007491509896
0.007009943947
0.006565682124
0.006150312722
0.005766758695
0.005407176446
0.005074543878
0.004761674907
0.004471966065
0.004199862015
0.003947350662
0.003709987970
0.003489734605
0.003282214515
0.003089697799
0.002908496186
0.002739509102
0.002579980064
0.002431152621
0.002290694509
0.002159644384
0.002035793383
0.001920018462
0.001810508547
0.001708294032
0.001611457672
0.001520990045
0.001435358776
0.001355360728
0.001279576914
0.001208736445
0.001141473418
0.001078519737
0.001018721028
