1.115476012230
0.667890906334
0.384985357523
0.230512216687
0.155639886856
0.117191530764
0.095103017986
0.079866394401
0.069293640554
0.062293197960
0.056873455644
0.052502993494
0.048978034407
0.046118952334
0.043610613793
0.041463304311
0.039540767670
0.037861339748
0.036332909018
0.034963976592
0.033705141395
0.032561004162
0.031492121518
0.030511749908
0.029582846910
0.028734900057
0.027930956334
0.027190279216
0.026480419561
0.025817669928
0.025175251067
0.024572577327
0.023987205699
0.023438284174
0.022902145982
0.022398257628
0.021902240813
0.021435759962
0.020979106426
0.020547987893
0.020125545561
0.019727822393
0.019335940480
0.018968190998
0.018607584760
0.018264418468
0.017925078049
0.017602263018
0.017283633351
0.016980940476
0.016681103036
0.016394872218
0.016110714525
0.015841213986
0.015572427772
0.015317059122
0.015063332394
0.014822691679
0.014583109878
0.014355786145
0.014127742499
0.013910624199
0.013692582957
0.013484771363
0.013276115060
0.013077227399
0.012877198867
0.012686358765
0.012494744733
0.012311513536
0.012127579190
0.011951606721
0.011774660088
0.011605333537
0.011434986256
0.011272136122
0.011107929051
0.010951336473
0.010793060064
0.010642151348
0.010489889421
0.010344663635
0.010198297910
0.010058481246
0.009917622432
0.009782789275
0.009647014551
0.009516864084
0.009385689162
0.009260036051
0.009133345447
0.009012150578
0.008889982477
0.008773523383
0.008656180464
0.008543701842
0.008430071175
0.008321061730
0.008211141452
0.008105476387
0.007999113761
0.007896752097
0.007793709636
0.007694521453
0.007594627328
0.007498465944
0.007401562296
0.007308397908
0.007214387879
0.007124002092
0.007032824680
0.006945081521
0.006856699474
0.006771523040
0.006685766391
0.006603035610
0.006519838702
0.006439612713
0.006359139923
0.006281623617
0.006203581579
0.006128308363
0.006052453071
0.005979299545
0.005905537400
0.005834395997
0.005762628280
0.005693716928
0.005623902660
0.005556999706
0.005489059258
0.005423951894
0.005357847549
0.005294446368
0.005230111070
0.005168375559
0.005105721764
0.005045619793
0.004984604660
0.004926056135
0.004866653588
0.004809617996
0.004751751665
0.004696199670
0.004639826715
0.004585689399
0.004530785140
0.004478056915
0.004424592480
0.004373351112
0.004321409855
0.004271553364
0.004220996983
0.004172393121
0.004123110790
0.004075747449
0.004027776886
0.003981681075
0.003934980836
0.003890047083
0.003844495863
0.003800672479
0.003756241873
0.003713480197
0.003670150880
0.003628427163
0.003586153965
0.003545450512
0.003504208522
0.003464481793
0.003424253780
0.003385482822
0.003346225945
0.003308394924
0.003270087531
0.003233158262
0.003195784288
0.003159738611
0.003123260336
0.003088082187
0.003052479820
0.003018134506
0.002983393148
0.002949862275
0.002915947000
0.002883217530
0.002850114135
0.002818153473
0.002785854507
0.002754644491
0.002723111305
0.002692642156
0.002661856590
0.002632102929
0.002602052409
0.002573003294
0.002543658018
0.002515295288
0.002486641519
0.002458938165
0.002430963796
0.002403904684
0.002376585035
0.002350160386
0.002323479624
0.002297665924
0.002271613572
0.002246397780
0.002220950788
0.002196322894
0.002171469619
0.002147407737
0.002123137470
0.002099632286
0.002075928031
0.002052973025
0.002029818716
0.002007390605
0.001984775998
0.001962862909
0.001940770191
0.001919362461
0.001897784416
0.001876867493
0.001855797484
0.001835367526
0.001814784715
0.001794826239
0.001774715609
0.001755209872
0.001735562924
0.001716500265
0.001697300584
0.001678673783
0.001659912406
0.001641706331
0.001623375574
0.001605581609
0.001587666804
0.001570277964
0.001552770613
0.001535773044
0.001518666162
0.001502051950
0.001485331799
0.001469094539
0.001452753320
0.001436880906
0.001420911984
0.001405399991
0.001389788929
0.001374630723
0.001359374030
0.001344554126
0.001329644467
0.001315158093
0.001300583011
0.001286423765
0.001272179070
0.001258335542
0.001244413317
0.001230880735
0.001217272948
0.001204044907
0.001190747134
0.001177816419
0.001164817368
0.001152177225
0.001139468746
0.001127111726
0.001114688348
0.001102605718
0.001090462320
0.001078648260
0.001066775410
0.001055225148
0.001043618540
0.001032323227
0.001020979253
0.001009934698
