30 75
1 30 2 1 0
1 21 0 23 1
1 24 2 8 0
1 12 0 10 1
1 13 1 25 1
1 17 2 15 3
1 5 0 27 1
1 9 0 28 0
1 29 1 14 0
1 20 0 16 1
1 7 3 19 1
1 2 2 4 0
1 26 1 22 4
1 3 0 11 1
1 6 3 18 1
2 4 1 5 4
2 14 1 3 0
2 11 2 13 1
2 23 2 28 1
2 19 0 21 0
2 30 2 9 1
2 25 1 12 1
2 1 0 17 1
2 15 1 26 1
2 18 2 29 2
2 22 2 20 2
2 8 1 2 1
2 27 0 7 2
2 16 0 6 0
2 10 1 24 2
3 3 1 18 1
3 13 2 14 1
3 28 1 19 0
3 9 0 23 1
3 29 1 16 1
3 20 1 15 2
3 24 1 25 2
3 12 1 11 3
3 7 1 4 0
3 21 2 27 1
3 2 1 10 0
3 6 1 22 2
3 26 2 1 2
3 5 0 8 0
3 17 0 30 0
4 14 1 12 1
4 4 1 21 1
4 18 0 13 2
4 19 1 23 3
4 1 1 20 1
4 15 1 6 2
4 17 2 9 0
4 30 1 26 1
4 16 0 3 0
4 10 1 5 0
4 22 2 29 2
4 25 0 2 0
4 8 1 7 1
4 27 1 28 1
4 11 0 24 2
5 9 0 19 0
5 21 4 8 1
5 5 3 25 2
5 7 2 10 1
5 29 1 15 1
5 26 1 17 2
5 20 2 30 1
5 2 2 11 2
5 28 2 4 1
5 24 3 14 1
5 13 1 16 5
5 23 1 27 0
5 6 0 1 1
5 3 3 22 3
5 12 2 18 1