# Directed graph (each unordered pair of nodes is saved once):
# Generated randomly with edges evenly distributed among nodes
# Nodes: 800 Edges: 10000 
# FromNodeId   ToNodeId
1	638
1	600
1	181
1	604
1	274
1	771
1	157
1	703
1	246
1	797
1	712
1	36
1	273
2	467
2	480
2	50
2	422
2	706
2	783
2	239
2	446
2	80
2	680
2	374
2	167
2	627
3	456
3	587
3	759
3	172
3	292
3	763
3	68
3	413
3	16
3	381
3	640
3	607
3	354
4	539
4	270
4	19
4	504
4	794
4	325
4	364
4	737
4	28
4	754
4	574
4	469
4	230
5	170
5	603
5	765
5	478
5	291
5	131
5	370
5	270
5	469
5	62
5	691
5	214
5	473
6	335
6	170
6	495
6	527
6	473
6	424
6	218
6	279
6	470
6	258
6	188
6	116
6	242
7	454
7	784
7	407
7	561
7	606
7	381
7	718
7	241
7	155
7	766
7	616
7	732
7	258
8	479
8	184
8	220
8	104
8	615
8	666
8	422
8	442
8	335
8	54
8	285
8	187
8	577
9	307
9	713
9	343
9	90
9	285
9	512
9	364
9	232
9	588
9	739
9	409
9	526
9	242
10	629
10	749
10	761
10	281
10	47
10	165
10	156
10	441
10	339
10	489
10	405
10	117
10	677
11	216
11	543
11	155
11	634
11	726
11	675
11	477
11	451
11	666
11	712
11	373
11	217
11	35
12	257
12	190
12	10
12	42
12	787
12	77
12	100
12	784
12	528
12	442
12	99
12	205
12	294
13	145
13	243
13	384
13	273
13	209
13	671
13	89
13	365
13	60
13	315
13	281
13	654
13	684
14	578
14	514
14	315
14	84
14	645
14	100
14	68
14	776
14	176
14	646
14	731
14	107
14	251
15	281
15	68
15	177
15	335
15	247
15	705
15	149
15	800
15	759
15	446
15	701
15	167
15	205
16	326
16	347
16	800
16	737
16	258
16	492
16	645
16	175
16	321
16	494
16	73
16	72
16	660
17	776
17	757
17	793
17	689
17	643
17	164
17	342
17	715
17	318
17	145
17	648
17	245
17	62
18	32
18	329
18	273
18	504
18	49
18	591
18	272
18	5
18	714
18	28
18	534
18	65
18	100
19	124
19	217
19	391
19	434
19	636
19	572
19	526
19	683
19	317
19	24
19	295
19	56
19	454
20	414
20	268
20	329
20	600
20	582
20	285
20	769
20	237
20	103
20	26
20	412
20	65
20	430
21	714
21	91
21	138
21	671
21	501
21	413
21	774
21	748
21	712
21	232
21	386
21	178
21	580
22	785
22	172
22	510
22	489
22	319
22	440
22	752
22	50
22	230
22	450
22	419
22	418
22	115
23	411
23	643
23	415
23	700
23	546
23	433
23	434
23	192
23	478
23	453
23	793
23	49
23	586
24	530
24	130
24	713
24	775
24	330
24	19
24	620
24	191
24	424
24	518
24	114
24	675
24	587
25	21
25	414
25	689
25	170
25	279
25	699
25	580
25	762
25	637
25	264
25	49
25	307
25	114
26	17
26	356
26	700
26	625
26	727
26	355
26	249
26	121
26	11
26	171
26	90
26	275
26	778
27	422
27	644
27	624
27	143
27	636
27	718
27	519
27	710
27	704
27	38
27	537
27	53
27	66
28	53
28	139
28	96
28	533
28	241
28	220
28	256
28	269
28	353
28	615
28	238
28	701
28	710
29	42
29	752
29	284
29	141
29	516
29	366
29	581
29	656
29	196
29	470
29	105
29	400
29	245
30	96
30	759
30	23
30	459
30	266
30	689
30	15
30	306
30	529
30	427
30	196
30	100
30	515
31	237
31	376
31	590
31	383
31	733
31	374
31	578
31	471
31	208
31	174
31	281
31	676
31	288
32	259
32	143
32	562
32	23
32	487
32	401
32	386
32	56
32	597
32	151
32	555
32	480
32	39
33	750
33	625
33	508
33	230
33	526
33	710
33	226
33	532
33	34
33	288
33	573
33	284
33	7
34	439
34	631
34	360
34	582
34	516
34	361
34	575
34	589
34	107
34	189
34	588
34	456
34	758
35	594
35	174
35	239
35	306
35	261
35	419
35	119
35	169
35	138
35	707
35	671
35	247
35	305
36	446
36	365
36	613
36	109
36	59
36	225
36	38
36	254
36	271
36	470
36	690
36	745
36	178
37	735
37	716
37	245
37	54
37	91
37	308
37	626
37	56
37	531
37	342
37	383
37	485
37	88
38	225
38	436
38	203
38	443
38	217
38	246
38	707
38	61
38	596
38	337
38	287
38	191
38	629
39	679
39	115
39	724
39	674
39	429
39	4
39	110
39	187
39	765
39	598
39	60
39	604
39	32
40	73
40	428
40	532
40	764
40	685
40	120
40	670
40	773
40	325
40	371
40	320
40	177
40	477
41	277
41	540
41	607
41	30
41	711
41	772
41	144
41	708
41	228
41	385
41	727
41	509
41	487
42	416
42	157
42	333
42	741
42	482
42	128
42	692
42	371
42	56
42	141
42	732
42	319
42	81
43	663
43	509
43	618
43	778
43	20
43	131
43	169
43	487
43	708
43	784
43	624
43	396
43	330
44	296
44	459
44	711
44	142
44	497
44	434
44	326
44	274
44	275
44	485
44	344
44	542
44	505
45	93
45	608
45	292
45	413
45	583
45	234
45	150
45	432
45	53
45	259
45	134
45	638
45	652
46	524
46	466
46	242
46	516
46	229
46	498
46	286
46	236
46	91
46	249
46	178
46	701
46	181
47	241
47	660
47	224
47	418
47	314
47	310
47	289
47	474
47	389
47	541
47	686
47	137
47	165
48	271
48	524
48	745
48	228
48	613
48	509
48	285
48	249
48	733
48	441
48	643
48	764
48	728
49	696
49	590
49	246
49	621
49	37
49	613
49	389
49	268
49	83
49	347
49	45
49	526
49	787
50	387
50	463
50	418
50	243
50	642
50	78
50	268
50	203
50	318
50	47
50	425
50	95
50	75
51	591
51	402
51	450
51	527
51	9
51	727
51	673
51	287
51	532
51	479
51	699
51	116
51	600
52	514
52	403
52	775
52	28
52	714
52	534
52	90
52	413
52	687
52	55
52	369
52	68
52	140
53	236
53	174
53	422
53	73
53	617
53	226
53	116
53	589
53	71
53	191
53	154
53	748
53	85
54	68
54	115
54	126
54	12
54	210
54	79
54	285
54	314
54	556
54	421
54	581
54	610
54	703
55	314
55	356
55	407
55	718
55	358
55	638
55	236
55	298
55	572
55	404
55	306
55	223
55	176
56	77
56	516
56	305
56	196
56	464
56	747
56	376
56	409
56	518
56	581
56	274
56	67
56	369
57	22
57	544
57	553
57	104
57	600
57	479
57	83
57	611
57	256
57	733
57	323
57	376
57	157
58	765
58	635
58	401
58	142
58	417
58	677
58	144
58	118
58	518
58	621
58	302
58	558
58	174
59	13
59	680
59	322
59	193
59	267
59	732
59	629
59	302
59	508
59	254
59	114
59	78
59	173
60	492
60	361
60	221
60	456
60	686
60	533
60	485
60	116
60	337
60	44
60	163
60	282
60	745
61	473
61	53
61	576
61	251
61	666
61	526
61	748
61	794
61	438
61	141
61	46
61	662
61	784
62	616
62	596
62	466
62	723
62	668
62	625
62	54
62	470
62	197
62	717
62	359
62	22
62	685
63	83
63	62
63	497
63	728
63	102
63	31
63	331
63	143
63	181
63	567
63	704
63	637
63	150
64	601
64	392
64	644
64	772
64	670
64	603
64	194
64	242
64	707
64	227
64	83
64	448
64	106
65	372
65	47
65	572
65	637
65	738
65	475
65	92
65	367
65	733
65	543
65	702
65	630
65	185
66	693
66	45
66	221
66	84
66	103
66	377
66	456
66	416
66	490
66	599
66	554
66	186
66	154
67	454
67	544
67	152
67	192
67	696
67	229
67	672
67	723
67	148
67	765
67	593
67	623
67	166
68	527
68	340
68	553
68	742
68	770
68	71
68	213
68	679
68	133
68	495
68	310
68	523
68	123
69	115
69	561
69	636
69	256
69	469
69	258
69	306
69	322
69	402
69	91
69	588
69	148
69	174
70	179
70	551
70	348
70	600
70	462
70	203
70	373
70	664
70	393
70	428
70	767
70	593
70	666
71	477
71	577
71	386
71	425
71	675
71	538
71	283
71	542
71	568
71	762
71	319
71	726
71	242
72	54
72	395
72	177
72	760
72	66
72	276
72	340
72	551
72	160
72	64
72	356
72	229
72	228
73	56
73	294
73	676
73	799
73	134
73	233
73	211
73	575
73	82
73	113
73	414
73	470
73	705
74	167
74	703
74	718
74	643
74	158
74	457
74	481
74	746
74	512
74	441
74	276
74	93
74	293
75	764
75	761
75	537
75	48
75	3
75	337
75	405
75	499
75	378
75	750
75	636
75	621
75	371
76	781
76	44
76	644
76	245
76	705
76	341
76	723
76	605
76	55
76	726
76	21
76	770
76	439
77	539
77	56
77	609
77	392
77	15
77	497
77	140
77	175
77	155
77	369
77	558
77	654
77	481
78	11
78	415
78	350
78	472
78	518
78	548
78	246
78	752
78	753
78	203
78	589
78	541
78	429
79	281
79	295
79	461
79	204
79	43
79	640
79	774
79	253
79	620
79	285
79	644
79	227
79	363
80	81
80	242
80	695
80	143
80	458
80	46
80	685
80	783
80	483
80	364
80	292
80	431
80	570
81	128
81	708
81	646
81	284
81	133
81	246
81	440
81	657
81	630
81	262
81	223
81	72
81	465
82	601
82	94
82	656
82	417
82	299
82	191
82	428
82	523
82	470
82	445
82	225
82	687
82	55
83	664
83	779
83	486
83	237
83	683
83	213
83	593
83	762
83	663
83	672
83	424
83	615
83	369
84	744
84	108
84	748
84	539
84	746
84	87
84	681
84	446
84	382
84	127
84	689
84	597
84	428
85	192
85	139
85	110
85	329
85	176
85	196
85	208
85	328
85	517
85	554
85	371
85	332
85	614
86	236
86	172
86	198
86	238
86	740
86	631
86	778
86	622
86	399
86	166
86	420
86	8
86	635
87	669
87	647
87	467
87	263
87	673
87	283
87	100
87	153
87	530
87	553
87	275
87	468
87	692
88	476
88	64
88	188
88	55
88	276
88	362
88	716
88	759
88	634
88	566
88	70
88	517
88	356
89	445
89	477
89	653
89	552
89	612
89	580
89	85
89	122
89	353
89	358
89	301
89	171
89	278
90	720
90	339
90	152
90	439
90	165
90	692
90	659
90	127
90	102
90	14
90	641
90	82
90	392
91	626
91	21
91	250
91	710
91	779
91	310
91	74
91	34
91	667
91	160
91	162
91	469
91	107
92	771
92	605
92	447
92	221
92	507
92	185
92	382
92	241
92	607
92	133
92	751
92	66
92	141
93	104
93	572
93	327
93	504
93	313
93	101
93	550
93	178
93	1
93	627
93	85
93	615
93	243
94	338
94	347
94	270
94	410
94	1
94	612
94	127
94	212
94	670
94	759
94	47
94	610
94	623
95	749
95	361
95	717
95	229
95	698
95	308
95	629
95	282
95	798
95	427
95	422
95	351
95	443
96	41
96	61
96	175
96	364
96	25
96	529
96	622
96	127
96	352
96	293
96	31
96	404
96	197
97	162
97	375
97	181
97	767
97	400
97	113
97	624
97	603
97	425
97	43
97	501
97	137
97	799
98	714
98	380
98	367
98	772
98	309
98	650
98	162
98	665
98	455
98	93
98	451
98	35
98	674
99	420
99	258
99	614
99	633
99	454
99	651
99	227
99	17
99	785
99	120
99	353
99	553
99	294
100	750
100	152
100	797
100	608
100	566
100	39
100	211
100	654
100	110
100	30
100	52
100	769
100	543
101	675
101	51
101	118
101	658
101	250
101	634
101	9
101	363
101	342
101	79
101	384
101	392
101	323
102	54
102	795
102	244
102	445
102	191
102	557
102	649
102	312
102	761
102	79
102	179
102	742
102	42
103	281
103	557
103	665
103	120
103	478
103	795
103	59
103	61
103	718
103	135
103	210
103	227
103	442
104	317
104	166
104	745
104	308
104	61
104	716
104	538
104	407
104	40
104	324
104	256
104	560
104	11
105	710
105	336
105	623
105	719
105	57
105	452
105	521
105	438
105	6
105	302
105	300
105	554
105	24
106	748
106	19
106	238
106	624
106	211
106	255
106	189
106	766
106	508
106	732
106	515
106	96
106	427
107	22
107	396
107	179
107	285
107	236
107	211
107	363
107	793
107	731
107	286
107	170
107	201
107	25
108	347
108	185
108	342
108	188
108	98
108	440
108	262
108	146
108	104
108	544
108	407
108	691
108	754
109	500
109	292
109	673
109	680
109	154
109	25
109	208
109	660
109	150
109	442
109	482
109	564
109	343
110	580
110	212
110	396
110	473
110	71
110	567
110	595
110	29
110	199
110	709
110	111
110	510
110	5
111	774
111	638
111	511
111	139
111	661
111	386
111	179
111	430
111	210
111	626
111	614
111	72
111	732
112	722
112	49
112	358
112	61
112	102
112	64
112	689
112	792
112	86
112	352
112	568
112	796
112	774
113	131
113	709
113	584
113	239
113	105
113	224
113	153
113	145
113	241
113	655
113	505
113	90
113	423
114	297
114	291
114	329
114	211
114	735
114	157
114	143
114	659
114	500
114	200
114	104
114	178
114	718
115	66
115	533
115	260
115	13
115	157
115	592
115	217
115	252
115	11
115	247
115	552
115	336
115	507
116	30
116	749
116	454
116	254
116	121
116	584
116	522
116	60
116	302
116	135
116	83
116	731
116	200
117	553
117	693
117	343
117	550
117	385
117	18
117	25
117	297
117	136
117	299
117	532
117	173
117	788
118	796
118	399
118	424
118	763
118	458
118	480
118	423
118	437
118	341
118	127
118	289
118	29
118	1
119	588
119	700
119	375
119	454
119	450
119	355
119	769
119	561
119	318
119	554
119	482
119	343
119	45
120	720
120	15
120	524
120	208
120	376
120	219
120	144
120	771
120	12
120	542
120	530
120	545
120	381
121	388
121	158
121	366
121	266
121	676
121	794
121	287
121	492
121	759
121	422
121	265
121	735
121	340
122	147
122	457
122	310
122	669
122	329
122	646
122	749
122	145
122	349
122	228
122	781
122	64
122	259
123	481
123	275
123	428
123	214
123	270
123	58
123	237
123	397
123	770
123	622
123	402
123	131
123	598
124	249
124	118
124	342
124	291
124	469
124	58
124	661
124	573
124	53
124	431
124	712
124	792
124	167
125	390
125	380
125	33
125	364
125	167
125	717
125	613
125	338
125	619
125	85
125	61
125	328
125	81
126	544
126	34
126	117
126	387
126	637
126	767
126	555
126	192
126	551
126	559
126	13
126	300
126	383
127	526
127	52
127	578
127	754
127	242
127	395
127	448
127	458
127	452
127	625
127	150
127	236
127	646
128	5
128	600
128	543
128	153
128	409
128	794
128	487
128	78
128	264
128	382
128	471
128	202
128	787
129	726
129	123
129	155
129	316
129	1
129	637
129	703
129	331
129	602
129	101
129	392
129	390
129	626
130	734
130	199
130	309
130	676
130	781
130	629
130	539
130	639
130	736
130	141
130	369
130	317
130	77
131	130
131	261
131	696
131	123
131	239
131	423
131	679
131	215
131	110
131	397
131	789
131	769
131	792
132	495
132	528
132	78
132	245
132	443
132	251
132	414
132	585
132	738
132	732
132	593
132	660
132	340
133	23
133	402
133	462
133	735
133	527
133	361
133	581
133	609
133	736
133	176
133	134
133	292
133	393
134	48
134	364
134	256
134	695
134	408
134	123
134	684
134	410
134	10
134	640
134	316
134	612
134	397
135	681
135	744
135	152
135	474
135	274
135	130
135	42
135	359
135	437
135	464
135	98
135	30
135	188
136	682
136	503
136	55
136	110
136	723
136	45
136	293
136	512
136	417
136	547
136	122
136	76
136	232
137	311
137	628
137	278
137	21
137	263
137	89
137	550
137	253
137	689
137	136
137	630
137	306
137	110
138	784
138	490
138	33
138	702
138	311
138	493
138	202
138	370
138	761
138	637
138	527
138	438
138	326
139	265
139	569
139	439
139	708
139	304
139	461
139	504
139	184
139	36
139	392
139	351
139	555
139	342
140	600
140	492
140	617
140	616
140	773
140	569
140	115
140	565
140	534
140	238
140	720
140	294
140	671
141	233
141	143
141	506
141	171
141	367
141	445
141	297
141	92
141	51
141	169
141	572
141	777
141	492
142	93
142	489
142	735
142	739
142	69
142	195
142	634
142	559
142	140
142	415
142	286
142	551
142	20
143	389
143	264
143	453
143	657
143	173
143	430
143	411
143	238
143	340
143	470
143	504
143	584
143	102
144	644
144	237
144	151
144	280
144	181
144	465
144	145
144	270
144	582
144	417
144	445
144	293
144	453
145	125
145	682
145	553
145	714
145	510
145	402
145	347
145	118
145	479
145	670
145	409
145	740
145	299
146	181
146	274
146	376
146	504
146	247
146	109
146	149
146	425
146	604
146	766
146	442
146	685
146	8
147	191
147	353
147	350
147	502
147	331
147	184
147	305
147	197
147	53
147	133
147	173
147	406
147	430
148	613
148	107
148	168
148	202
148	516
148	713
148	592
148	800
148	273
148	174
148	320
148	477
148	213
149	93
149	762
149	603
149	175
149	202
149	203
149	362
149	138
149	655
149	133
149	775
149	293
149	15
150	547
150	69
150	510
150	557
150	315
150	76
150	384
150	461
150	593
150	100
150	614
150	488
150	59
151	752
151	782
151	591
151	217
151	158
151	126
151	393
151	666
151	510
151	155
151	771
151	40
151	307
152	112
152	311
152	523
152	61
152	343
152	375
152	507
152	674
152	173
152	175
152	206
152	681
152	156
153	3
153	767
153	678
153	142
153	734
153	443
153	464
153	123
153	590
153	72
153	786
153	773
153	382
154	88
154	399
154	185
154	353
154	784
154	191
154	427
154	356
154	134
154	20
154	229
154	232
154	478
155	152
155	608
155	294
155	244
155	255
155	172
155	514
155	490
155	652
155	83
155	621
155	151
155	364
156	681
156	235
156	359
156	790
156	664
156	335
156	497
156	614
156	544
156	602
156	302
156	612
156	797
157	640
157	781
157	703
157	240
157	484
157	275
157	536
157	190
157	122
157	91
157	776
157	278
157	235
158	373
158	311
158	785
158	118
158	402
158	105
158	709
158	480
158	570
158	507
158	366
158	153
158	763
159	572
159	593
159	396
159	70
159	468
159	514
159	790
159	132
159	246
159	363
159	176
159	517
159	521
160	527
160	254
160	493
160	168
160	99
160	507
160	431
160	64
160	128
160	739
160	55
160	278
160	289
161	761
161	183
161	731
161	549
161	179
161	641
161	445
161	614
161	349
161	621
161	291
161	481
161	92
162	420
162	42
162	64
162	593
162	601
162	780
162	432
162	604
162	265
162	565
162	342
162	315
162	489
163	561
163	312
163	793
163	564
163	526
163	456
163	760
163	333
163	609
163	695
163	425
163	486
163	22
164	455
164	62
164	499
164	456
164	527
164	541
164	730
164	670
164	31
164	666
164	421
164	441
164	348
165	66
165	203
165	301
165	595
165	47
165	535
165	179
165	278
165	555
165	309
165	457
165	497
165	417
166	147
166	343
166	596
166	485
166	33
166	432
166	283
166	754
166	177
166	784
166	550
166	779
166	730
167	506
167	359
167	349
167	691
167	367
167	771
167	495
167	597
167	235
167	324
167	32
167	226
167	236
168	337
168	10
168	751
168	147
168	12
168	338
168	503
168	434
168	405
168	570
168	646
168	554
168	138
169	316
169	642
169	631
169	329
169	281
169	116
169	466
169	111
169	100
169	336
169	468
169	163
169	67
170	124
170	248
170	4
170	780
170	332
170	362
170	662
170	335
170	652
170	746
170	317
170	354
170	587
171	237
171	766
171	381
171	440
171	407
171	420
171	650
171	540
171	212
171	745
171	488
171	257
171	715
172	62
172	633
172	347
172	59
172	47
172	741
172	3
172	611
172	632
172	661
172	490
172	709
172	696
173	581
173	81
173	460
173	350
173	345
173	539
173	334
173	164
173	519
173	11
173	348
173	528
173	747
174	337
174	758
174	392
174	374
174	745
174	44
174	252
174	15
174	460
174	718
174	177
174	643
174	495
175	114
175	737
175	455
175	687
175	697
175	315
175	797
175	402
175	13
175	331
175	204
175	195
175	649
176	552
176	320
176	517
176	559
176	536
176	460
176	116
176	127
176	511
176	567
176	639
176	608
176	641
177	243
177	258
177	179
177	484
177	654
177	188
177	420
177	568
177	97
177	583
177	534
177	119
177	553
178	484
178	168
178	93
178	718
178	466
178	243
178	451
178	520
178	184
178	512
178	688
178	261
178	653
179	252
179	447
179	86
179	391
179	478
179	740
179	216
179	737
179	132
179	498
179	604
179	210
179	540
180	514
180	529
180	460
180	55
180	35
180	414
180	93
180	176
180	334
180	45
180	231
180	285
180	733
181	232
181	127
181	613
181	693
181	470
181	464
181	286
181	544
181	477
181	669
181	499
181	686
181	391
182	658
182	478
182	700
182	96
182	386
182	662
182	687
182	81
182	34
182	632
182	38
182	599
182	661
183	641
183	136
183	123
183	44
183	14
183	686
183	416
183	576
183	422
183	4
183	724
183	228
183	542
184	356
184	261
184	365
184	620
184	88
184	743
184	199
184	394
184	633
184	207
184	42
184	412
184	222
185	384
185	182
185	620
185	1
185	64
185	191
185	601
185	248
185	702
185	194
185	253
185	61
185	34
186	236
186	7
186	779
186	311
186	171
186	275
186	314
186	586
186	223
186	775
186	376
186	571
186	744
187	120
187	714
187	67
187	773
187	549
187	791
187	124
187	168
187	454
187	717
187	114
187	531
187	311
188	470
188	666
188	623
188	298
188	92
188	130
188	441
188	574
188	530
188	98
188	93
188	707
188	492
189	747
189	457
189	204
189	396
189	130
189	597
189	349
189	423
189	59
189	605
189	114
189	745
189	131
190	457
190	385
190	700
190	753
190	286
190	155
190	20
190	579
190	442
190	793
190	308
190	386
190	267
191	727
191	595
191	367
191	655
191	150
191	529
191	424
191	280
191	423
191	479
191	255
191	625
191	12
192	21
192	583
192	744
192	53
192	351
192	409
192	245
192	180
192	458
192	80
192	363
192	266
192	282
193	25
193	289
193	699
193	719
193	585
193	677
193	185
193	705
193	656
193	227
193	536
193	34
193	570
194	126
194	741
194	701
194	184
194	684
194	604
194	180
194	322
194	799
194	211
194	324
194	698
194	207
195	294
195	341
195	108
195	704
195	331
195	681
195	117
195	554
195	697
195	137
195	276
195	201
195	230
196	682
196	50
196	442
196	105
196	737
196	696
196	573
196	260
196	177
196	557
196	455
196	694
196	366
197	474
197	392
197	684
197	265
197	685
197	596
197	59
197	340
197	423
197	168
197	67
197	393
197	175
198	674
198	135
198	130
198	588
198	571
198	701
198	283
198	244
198	102
198	711
198	426
198	211
198	228
199	696
199	239
199	685
199	255
199	328
199	497
199	506
199	707
199	300
199	284
199	450
199	448
199	205
200	391
200	3
200	171
200	517
200	280
200	747
200	692
200	413
200	545
200	185
200	538
200	420
200	608
201	430
201	137
201	368
201	302
201	72
201	741
201	522
201	532
201	146
201	469
201	367
201	165
201	128
202	265
202	414
202	417
202	764
202	662
202	740
202	730
202	438
202	132
202	448
202	125
202	415
202	592
203	534
203	673
203	209
203	29
203	632
203	334
203	323
203	685
203	687
203	136
203	610
203	207
203	313
204	292
204	493
204	130
204	600
204	591
204	119
204	215
204	372
204	588
204	774
204	170
204	497
204	248
205	721
205	325
205	155
205	496
205	189
205	535
205	134
205	777
205	58
205	575
205	572
205	800
205	80
206	190
206	770
206	628
206	669
206	139
206	15
206	678
206	794
206	181
206	696
206	723
206	780
206	416
207	11
207	236
207	669
207	601
207	71
207	253
207	285
207	713
207	28
207	379
207	465
207	269
207	765
208	50
208	584
208	188
208	745
208	617
208	538
208	25
208	6
208	667
208	692
208	174
208	265
208	154
209	135
209	143
209	266
209	625
209	663
209	341
209	721
209	588
209	420
209	204
209	251
209	439
209	800
210	112
210	702
210	414
210	160
210	417
210	266
210	570
210	419
210	334
210	488
210	451
210	379
210	198
211	420
211	797
211	69
211	34
211	334
211	216
211	686
211	499
211	176
211	703
211	721
211	710
211	516
212	370
212	528
212	544
212	288
212	205
212	669
212	275
212	791
212	448
212	470
212	112
212	283
212	86
213	114
213	686
213	748
213	456
213	78
213	692
213	357
213	270
213	615
213	243
213	557
213	689
213	55
214	754
214	382
214	572
214	633
214	479
214	582
214	772
214	589
214	614
214	172
214	490
214	394
214	599
215	615
215	675
215	637
215	52
215	466
215	216
215	683
215	542
215	775
215	426
215	647
215	31
215	387
216	736
216	620
216	305
216	238
216	687
216	738
216	504
216	187
216	362
216	650
216	703
216	719
216	419
217	440
217	363
217	288
217	470
217	224
217	528
217	800
217	51
217	718
217	499
217	81
217	226
217	15
218	116
218	48
218	96
218	197
218	76
218	714
218	647
218	730
218	603
218	65
218	328
218	202
218	652
219	470
219	297
219	239
219	442
219	636
219	767
219	81
219	746
219	497
219	324
219	555
219	333
219	734
220	556
220	141
220	752
220	41
220	366
220	364
220	308
220	238
220	606
220	245
220	92
220	604
220	436
221	71
221	660
221	547
221	794
221	16
221	791
221	607
221	428
221	460
221	516
221	173
221	436
221	410
222	103
222	635
222	460
222	549
222	189
222	688
222	710
222	304
222	94
222	241
222	366
222	528
222	780
223	517
223	416
223	78
223	278
223	237
223	420
223	276
223	147
223	85
223	488
223	628
223	181
223	310
224	140
224	293
224	779
224	660
224	637
224	64
224	398
224	396
224	99
224	692
224	651
224	314
224	602
225	18
225	401
225	445
225	203
225	680
225	41
225	63
225	300
225	524
225	191
225	526
225	273
225	471
226	730
226	291
226	271
226	569
226	500
226	302
226	578
226	698
226	79
226	587
226	156
226	774
226	112
227	254
227	104
227	50
227	697
227	108
227	793
227	153
227	543
227	758
227	646
227	446
227	255
227	568
228	340
228	236
228	405
228	526
228	539
228	479
228	684
228	650
228	278
228	763
228	156
228	592
228	776
229	450
229	611
229	550
229	135
229	149
229	439
229	563
229	644
229	524
229	540
229	170
229	480
229	240
230	744
230	545
230	21
230	16
230	26
230	731
230	674
230	155
230	338
230	179
230	122
230	178
230	631
231	285
231	191
231	389
231	25
231	190
231	126
231	370
231	95
231	582
231	326
231	429
231	661
231	329
232	796
232	324
232	375
232	84
232	24
232	736
232	501
232	646
232	769
232	411
232	497
232	403
232	182
233	629
233	356
233	214
233	596
233	570
233	90
233	209
233	53
233	212
233	59
233	125
233	72
233	473
234	719
234	468
234	572
234	332
234	239
234	549
234	223
234	699
234	658
234	38
234	405
234	109
234	125
235	101
235	614
235	206
235	579
235	755
235	560
235	212
235	44
235	110
235	598
235	441
235	151
235	421
236	40
236	175
236	753
236	383
236	137
236	615
236	17
236	580
236	533
236	539
236	57
236	701
236	682
237	512
237	194
237	648
237	149
237	133
237	637
237	100
237	561
237	514
237	709
237	210
237	142
237	513
238	31
238	406
238	81
238	796
238	45
238	719
238	356
238	514
238	794
238	329
238	598
238	702
238	440
239	634
239	407
239	3
239	133
239	384
239	100
239	534
239	715
239	93
239	181
239	132
239	102
239	621
240	10
240	388
240	671
240	81
240	302
240	620
240	144
240	600
240	179
240	43
240	229
240	169
240	753
241	512
241	585
241	158
241	183
241	193
241	625
241	140
241	227
241	553
241	453
241	344
241	460
241	375
242	623
242	62
242	392
242	517
242	185
242	352
242	790
242	175
242	2
242	744
242	376
242	169
242	484
243	90
243	68
243	601
243	167
243	383
243	606
243	625
243	65
243	156
243	709
243	109
243	624
243	293
244	616
244	744
244	335
244	755
244	589
244	406
244	666
244	743
244	603
244	583
244	696
244	316
244	712
245	259
245	102
245	113
245	401
245	716
245	575
245	376
245	334
245	135
245	138
245	76
245	553
245	600
246	174
246	232
246	714
246	783
246	305
246	319
246	176
246	423
246	583
246	272
246	738
246	500
246	296
247	176
247	706
247	48
247	337
247	87
247	511
247	268
247	183
247	359
247	184
247	705
247	614
247	709
248	186
248	394
248	199
248	572
248	73
248	89
248	762
248	598
248	736
248	266
248	788
248	428
248	245
249	12
249	17
249	708
249	48
249	269
249	204
249	418
249	430
249	533
249	264
249	618
249	446
249	397
250	554
250	243
250	285
250	1
250	558
250	719
250	533
250	531
250	438
250	591
250	127
250	361
250	173
251	42
251	550
251	50
251	407
251	649
251	676
251	299
251	507
251	790
251	396
251	601
251	674
251	431
252	494
252	542
252	362
252	225
252	352
252	711
252	44
252	2
252	72
252	244
252	253
252	348
252	589
253	477
253	453
253	478
253	780
253	111
253	692
253	567
253	678
253	105
253	181
253	351
253	701
253	104
254	492
254	709
254	169
254	425
254	125
254	676
254	729
254	483
254	612
254	419
254	439
254	26
254	728
255	280
255	510
255	323
255	404
255	13
255	797
255	697
255	669
255	291
255	764
255	41
255	320
255	244
256	792
256	425
256	613
256	517
256	647
256	437
256	281
256	261
256	148
256	300
256	568
256	215
256	521
257	432
257	91
257	430
257	279
257	496
257	95
257	36
257	623
257	375
257	251
257	331
257	530
257	645
258	224
258	297
258	753
258	360
258	491
258	404
258	136
258	772
258	156
258	372
258	108
258	126
258	352
259	497
259	315
259	356
259	144
259	245
259	20
259	31
259	287
259	208
259	127
259	437
259	770
259	205
260	722
260	327
260	793
260	60
260	611
260	207
260	154
260	289
260	105
260	577
260	128
260	774
260	3
261	739
261	20
261	22
261	712
261	588
261	99
261	462
261	796
261	498
261	333
261	43
261	620
261	469
262	759
262	559
262	464
262	510
262	726
262	318
262	413
262	532
262	270
262	25
262	161
262	102
262	519
263	317
263	683
263	166
263	694
263	167
263	294
263	534
263	739
263	545
263	7
263	365
263	670
263	344
264	415
264	457
264	35
264	291
264	663
264	555
264	202
264	373
264	217
264	158
264	561
264	560
264	213
265	648
265	292
265	235
265	409
265	444
265	230
265	174
265	612
265	352
265	769
265	182
265	205
265	727
266	144
266	327
266	113
266	132
266	648
266	45
266	33
266	522
266	47
266	784
266	10
266	244
266	416
267	642
267	20
267	522
267	592
267	180
267	415
267	465
267	722
267	66
267	777
267	280
267	639
267	338
268	150
268	183
268	723
268	577
268	181
268	340
268	140
268	516
268	578
268	66
268	425
268	530
268	175
269	379
269	627
269	782
269	711
269	377
269	183
269	659
269	674
269	26
269	528
269	412
269	103
269	488
270	697
270	767
270	243
270	127
270	660
270	540
270	65
270	93
270	122
270	800
270	685
270	695
270	92
271	545
271	480
271	618
271	458
271	386
271	475
271	619
271	692
271	670
271	752
271	249
271	125
271	148
272	400
272	659
272	134
272	60
272	572
272	362
272	396
272	215
272	236
272	118
272	438
272	51
272	447
273	536
273	278
273	575
273	537
273	670
273	379
273	479
273	630
273	173
273	643
273	421
273	62
273	111
274	392
274	165
274	608
274	148
274	215
274	651
274	786
274	240
274	605
274	769
274	195
274	718
274	750
275	504
275	422
275	647
275	501
275	80
275	282
275	564
275	657
275	370
275	582
275	339
275	463
275	378
276	666
276	745
276	87
276	158
276	187
276	129
276	436
276	350
276	7
276	215
276	296
276	441
276	763
277	739
277	208
277	480
277	572
277	608
277	22
277	150
277	260
277	515
277	487
277	638
277	267
277	223
278	41
278	3
278	501
278	470
278	710
278	523
278	114
278	126
278	28
278	475
278	67
278	737
278	478
279	32
279	462
279	126
279	475
279	338
279	30
279	105
279	128
279	142
279	606
279	775
279	278
279	718
280	58
280	30
280	300
280	135
280	254
280	3
280	479
280	201
280	423
280	800
280	457
280	684
280	318
281	615
281	459
281	585
281	781
281	453
281	716
281	665
281	692
281	590
281	167
281	789
281	403
281	132
282	603
282	769
282	67
282	489
282	172
282	383
282	3
282	459
282	581
282	418
282	575
282	649
282	233
283	108
283	451
283	419
283	675
283	664
283	295
283	636
283	469
283	550
283	508
283	613
283	448
283	697
284	13
284	767
284	567
284	276
284	267
284	368
284	59
284	69
284	456
284	147
284	202
284	593
284	582
285	354
285	749
285	275
285	398
285	56
285	215
285	290
285	241
285	261
285	35
285	474
285	694
285	336
286	527
286	71
286	377
286	578
286	268
286	451
286	235
286	490
286	333
286	557
286	425
286	48
286	723
287	526
287	238
287	393
287	743
287	772
287	237
287	341
287	122
287	455
287	159
287	672
287	327
287	99
288	294
288	786
288	521
288	755
288	120
288	759
288	68
288	164
288	555
288	724
288	200
288	232
288	337
289	757
289	726
289	338
289	512
289	249
289	665
289	364
289	253
289	195
289	536
289	243
289	428
289	139
290	592
290	505
290	511
290	258
290	155
290	682
290	538
290	322
290	296
290	431
290	351
290	210
290	108
291	613
291	677
291	516
291	715
291	630
291	170
291	535
291	799
291	273
291	714
291	469
291	421
291	413
292	562
292	375
292	788
292	414
292	252
292	615
292	552
292	511
292	633
292	11
292	320
292	96
292	355
293	273
293	441
293	469
293	651
293	540
293	177
293	529
293	19
293	353
293	655
293	745
293	594
293	713
294	347
294	346
294	103
294	148
294	669
294	512
294	321
294	687
294	575
294	324
294	198
294	74
294	455
295	306
295	499
295	518
295	45
295	524
295	381
295	317
295	692
295	145
295	84
295	90
295	122
295	388
296	337
296	606
296	125
296	748
296	535
296	743
296	579
296	88
296	264
296	486
296	170
296	737
296	320
297	516
297	588
297	141
297	507
297	46
297	129
297	65
297	222
297	360
297	615
297	593
297	754
297	618
298	778
298	401
298	557
298	324
298	374
298	659
298	195
298	602
298	664
298	226
298	370
298	28
298	603
299	211
299	189
299	270
299	659
299	739
299	24
299	40
299	476
299	676
299	298
299	337
299	700
299	159
300	238
300	406
300	696
300	728
300	742
300	649
300	201
300	654
300	376
300	66
300	454
300	712
300	759
301	641
301	211
301	419
301	780
301	761
301	327
301	469
301	191
301	548
301	377
301	444
301	253
301	778
302	402
302	717
302	239
302	278
302	237
302	127
302	389
302	396
302	508
302	547
302	599
302	31
302	628
303	185
303	777
303	455
303	436
303	236
303	62
303	539
303	380
303	416
303	587
303	367
303	657
303	4
304	463
304	37
304	799
304	466
304	688
304	614
304	109
304	121
304	85
304	494
304	639
304	135
304	586
305	750
305	746
305	390
305	798
305	432
305	716
305	143
305	132
305	469
305	465
305	34
305	704
305	328
306	234
306	158
306	211
306	149
306	563
306	512
306	474
306	532
306	432
306	345
306	676
306	612
306	526
307	546
307	261
307	344
307	221
307	116
307	197
307	224
307	786
307	582
307	530
307	608
307	277
307	308
308	280
308	147
308	664
308	621
308	110
308	383
308	328
308	438
308	175
308	503
308	551
308	357
308	118
309	180
309	630
309	525
309	748
309	450
309	726
309	44
309	43
309	731
309	122
309	795
309	771
309	469
310	746
310	755
310	191
310	560
310	549
310	577
310	662
310	359
310	593
310	305
310	670
310	586
310	464
311	772
311	86
311	606
311	35
311	634
311	699
311	420
311	515
311	580
311	735
311	169
311	277
311	770
312	224
312	174
312	616
312	654
312	792
312	669
312	557
312	686
312	767
312	637
312	110
312	668
312	218
313	767
313	188
313	417
313	385
313	383
313	605
313	21
313	149
313	22
313	561
313	775
313	754
313	593
314	432
314	147
314	565
314	715
314	408
314	240
314	365
314	753
314	632
314	718
314	458
314	233
314	663
315	750
315	62
315	435
315	530
315	114
315	476
315	603
315	765
315	209
315	295
315	433
315	559
315	450
316	716
316	759
316	502
316	415
316	68
316	189
316	428
316	699
316	356
316	221
316	646
316	105
316	547
317	170
317	433
317	214
317	352
317	727
317	293
317	394
317	245
317	418
317	326
317	301
317	397
317	228
318	625
318	476
318	492
318	191
318	529
318	47
318	266
318	774
318	655
318	715
318	799
318	563
318	194
319	540
319	35
319	253
319	75
319	565
319	598
319	441
319	84
319	226
319	55
319	274
319	670
319	770
320	460
320	280
320	729
320	501
320	689
320	394
320	522
320	269
320	78
320	613
320	615
320	424
320	41
321	757
321	346
321	633
321	605
321	467
321	272
321	774
321	514
321	189
321	639
321	595
321	507
321	519
322	592
322	571
322	314
322	537
322	121
322	112
322	285
322	760
322	798
322	715
322	771
322	527
322	383
323	144
323	351
323	45
323	315
323	504
323	47
323	400
323	169
323	373
323	94
323	678
323	242
323	363
324	497
324	155
324	343
324	163
324	175
324	537
324	377
324	306
324	281
324	428
324	395
324	616
324	650
325	746
325	387
325	578
325	146
325	798
325	791
325	242
325	360
325	779
325	469
325	730
325	506
325	674
326	250
326	189
326	213
326	609
326	690
326	197
326	53
326	550
326	72
326	566
326	358
326	415
326	435
327	610
327	772
327	141
327	41
327	464
327	609
327	350
327	442
327	179
327	314
327	650
327	516
327	466
328	334
328	516
328	218
328	504
328	610
328	420
328	368
328	566
328	503
328	743
328	7
328	69
328	125
329	453
329	723
329	90
329	168
329	357
329	333
329	601
329	132
329	785
329	551
329	451
329	630
329	779
330	478
330	300
330	738
330	25
330	412
330	608
330	768
330	305
330	631
330	484
330	395
330	733
330	68
331	290
331	246
331	700
331	210
331	796
331	524
331	528
331	588
331	80
331	776
331	382
331	26
331	597
332	3
332	216
332	291
332	16
332	762
332	736
332	774
332	654
332	151
332	568
332	160
332	470
332	345
333	758
333	440
333	282
333	560
333	101
333	310
333	526
333	150
333	358
333	762
333	585
333	520
333	706
334	263
334	10
334	744
334	368
334	606
334	477
334	696
334	108
334	746
334	568
334	786
334	521
334	522
335	672
335	711
335	617
335	80
335	178
335	98
335	306
335	399
335	514
335	756
335	289
335	282
335	107
336	170
336	146
336	451
336	497
336	78
336	503
336	659
336	653
336	29
336	338
336	246
336	428
336	161
337	242
337	426
337	62
337	644
337	701
337	507
337	445
337	654
337	387
337	24
337	567
337	177
337	572
338	163
338	485
338	702
338	724
338	590
338	376
338	737
338	673
338	75
338	571
338	144
338	532
338	662
339	117
339	428
339	649
339	551
339	480
339	132
339	792
339	484
339	629
339	28
339	80
339	170
339	426
340	666
340	153
340	66
340	352
340	223
340	78
340	45
340	662
340	279
340	330
340	18
340	142
340	391
341	516
341	165
341	498
341	184
341	424
341	588
341	732
341	504
341	327
341	339
341	316
341	687
341	567
342	386
342	362
342	778
342	66
342	87
342	548
342	429
342	280
342	108
342	445
342	179
342	449
342	58
343	442
343	753
343	689
343	602
343	535
343	325
343	94
343	574
343	122
343	703
343	248
343	438
343	86
344	524
344	409
344	437
344	572
344	436
344	320
344	326
344	657
344	154
344	129
344	170
344	292
344	798
345	195
345	476
345	249
345	262
345	585
345	777
345	186
345	253
345	693
345	10
345	514
345	274
345	436
346	645
346	97
346	255
346	711
346	324
346	384
346	582
346	593
346	320
346	426
346	193
346	392
346	373
347	350
347	784
347	636
347	63
347	606
347	199
347	284
347	216
347	42
347	136
347	519
347	771
347	653
348	116
348	218
348	279
348	85
348	588
348	72
348	137
348	735
348	355
348	34
348	723
348	37
348	730
349	22
349	380
349	25
349	570
349	792
349	348
349	291
349	162
349	630
349	51
349	319
349	2
349	283
350	455
350	221
350	503
350	10
350	383
350	190
350	377
350	307
350	259
350	81
350	689
350	666
350	772
351	670
351	513
351	123
351	601
351	585
351	677
351	333
351	516
351	303
351	356
351	540
351	111
351	261
352	782
352	372
352	276
352	120
352	359
352	231
352	251
352	438
352	673
352	562
352	666
352	503
352	697
353	534
353	164
353	217
353	400
353	455
353	371
353	755
353	612
353	359
353	421
353	595
353	90
353	424
354	594
354	572
354	3
354	554
354	701
354	550
354	138
354	424
354	687
354	439
354	452
354	54
354	792
355	174
355	149
355	432
355	25
355	243
355	89
355	180
355	631
355	587
355	395
355	498
355	226
355	121
356	145
356	451
356	354
356	365
356	358
356	215
356	90
356	699
356	717
356	402
356	45
356	18
356	505
357	149
357	492
357	460
357	569
357	482
357	532
357	394
357	304
357	767
357	619
357	159
357	669
357	653
358	487
358	304
358	655
358	793
358	6
358	34
358	742
358	498
358	119
358	762
358	633
358	226
358	500
359	341
359	634
359	234
359	405
359	319
359	596
359	799
359	277
359	455
359	475
359	346
359	248
359	231
360	532
360	50
360	348
360	625
360	628
360	68
360	453
360	637
360	746
360	764
360	59
360	308
360	770
361	239
361	235
361	741
361	180
361	434
361	778
361	134
361	81
361	677
361	459
361	744
361	30
361	390
362	479
362	387
362	363
362	100
362	5
362	133
362	507
362	44
362	19
362	92
362	462
362	605
362	174
363	723
363	656
363	147
363	713
363	344
363	314
363	538
363	388
363	379
363	502
363	333
363	747
363	719
364	633
364	527
364	117
364	515
364	55
364	562
364	118
364	155
364	34
364	626
364	662
364	540
364	504
365	288
365	71
365	520
365	290
365	586
365	446
365	701
365	562
365	149
365	314
365	274
365	152
365	719
366	653
366	293
366	40
366	446
366	7
366	262
366	718
366	585
366	675
366	726
366	404
366	318
366	352
367	777
367	730
367	289
367	556
367	419
367	377
367	41
367	446
367	254
367	488
367	76
367	198
367	646
368	156
368	633
368	688
368	416
368	493
368	783
368	280
368	610
368	411
368	320
368	567
368	472
368	749
369	36
369	484
369	152
369	340
369	217
369	557
369	157
369	763
369	304
369	234
369	546
369	185
369	206
370	701
370	74
370	454
370	769
370	49
370	274
370	486
370	733
370	416
370	272
370	323
370	501
370	784
371	555
371	797
371	761
371	728
371	575
371	778
371	525
371	101
371	207
371	410
371	479
371	149
371	301
372	505
372	304
372	431
372	163
372	524
372	100
372	52
372	489
372	484
372	194
372	560
372	241
372	571
373	220
373	421
373	545
373	360
373	571
373	562
373	350
373	101
373	342
373	727
373	158
373	408
373	497
374	407
374	437
374	692
374	294
374	750
374	603
374	50
374	472
374	75
374	729
374	693
374	674
374	554
375	153
375	197
375	256
375	527
375	603
375	411
375	183
375	97
375	246
375	263
375	576
375	626
375	480
376	737
376	257
376	66
376	476
376	224
376	536
376	76
376	396
376	580
376	98
376	169
376	596
376	189
377	309
377	548
377	416
377	497
377	423
377	612
377	369
377	165
377	292
377	466
377	558
377	648
377	631
378	131
378	321
378	366
378	167
378	606
378	610
378	352
378	414
378	567
378	532
378	384
378	291
378	516
379	537
379	466
379	535
379	443
379	453
379	710
379	561
379	478
379	21
379	736
379	498
379	582
379	528
380	797
380	553
380	120
380	477
380	511
380	13
380	697
380	540
380	774
380	242
380	484
380	350
380	715
381	69
381	305
381	690
381	365
381	641
381	496
381	598
381	634
381	315
381	301
381	445
381	697
381	91
382	243
382	714
382	250
382	490
382	205
382	272
382	344
382	26
382	284
382	487
382	311
382	298
382	5
383	737
383	673
383	293
383	245
383	260
383	365
383	74
383	750
383	560
383	762
383	98
383	663
383	370
384	208
384	754
384	614
384	271
384	789
384	573
384	778
384	649
384	155
384	652
384	398
384	636
384	641
385	324
385	397
385	755
385	222
385	509
385	197
385	724
385	178
385	616
385	727
385	261
385	402
385	696
386	624
386	629
386	237
386	452
386	416
386	70
386	434
386	499
386	414
386	458
386	236
386	658
386	647
387	623
387	313
387	271
387	582
387	141
387	87
387	564
387	125
387	666
387	609
387	580
387	699
387	42
388	771
388	51
388	427
388	367
388	54
388	107
388	215
388	45
388	565
388	728
388	137
388	479
388	727
389	640
389	464
389	369
389	296
389	188
389	484
389	405
389	390
389	595
389	32
389	342
389	314
389	135
390	149
390	320
390	696
390	707
390	343
390	645
390	384
390	160
390	198
390	797
390	680
390	70
390	267
391	603
391	468
391	458
391	270
391	286
391	303
391	276
391	536
391	345
391	246
391	113
391	411
391	634
392	375
392	597
392	456
392	626
392	359
392	65
392	330
392	513
392	760
392	156
392	518
392	523
392	663
393	536
393	27
393	213
393	632
393	563
393	240
393	356
393	339
393	620
393	698
393	301
393	387
393	268
394	250
394	593
394	271
394	236
394	748
394	466
394	694
394	117
394	619
394	437
394	193
394	699
394	635
395	742
395	297
395	780
395	762
395	218
395	594
395	480
395	563
395	738
395	50
395	548
395	97
395	630
396	237
396	497
396	590
396	622
396	393
396	725
396	350
396	655
396	706
396	270
396	287
396	29
396	521
397	614
397	248
397	532
397	50
397	665
397	594
397	37
397	437
397	302
397	622
397	364
397	419
397	523
398	651
398	452
398	284
398	17
398	309
398	239
398	463
398	659
398	158
398	633
398	773
398	387
398	62
399	556
399	430
399	469
399	718
399	538
399	622
399	283
399	208
399	196
399	634
399	128
399	439
399	535
400	223
400	770
400	114
400	585
400	517
400	431
400	606
400	422
400	304
400	553
400	493
400	149
400	359
401	232
401	574
401	609
401	42
401	50
401	211
401	737
401	415
401	728
401	19
401	216
401	29
402	675
402	590
402	285
402	164
402	610
402	641
402	524
402	777
402	375
402	676
402	343
402	322
403	27
403	629
403	390
403	564
403	619
403	697
403	245
403	491
403	117
403	232
403	526
403	193
404	742
404	200
404	269
404	250
404	588
404	509
404	493
404	194
404	424
404	560
404	223
404	5
405	738
405	20
405	252
405	380
405	288
405	646
405	662
405	734
405	279
405	137
405	378
405	589
406	443
406	230
406	800
406	127
406	665
406	207
406	531
406	384
406	566
406	308
406	465
406	16
407	702
407	367
407	174
407	3
407	531
407	390
407	29
407	200
407	372
407	72
407	508
407	729
408	405
408	468
408	633
408	531
408	96
408	474
408	589
408	264
408	718
408	347
408	380
408	168
409	463
409	745
409	155
409	19
409	567
409	90
409	475
409	72
409	78
409	105
409	182
409	41
410	464
410	1
410	722
410	392
410	123
410	10
410	670
410	288
410	426
410	217
410	283
410	527
411	228
411	541
411	475
411	661
411	643
411	741
411	336
411	381
411	162
411	363
411	143
411	38
412	175
412	741
412	115
412	712
412	761
412	151
412	452
412	538
412	631
412	475
412	34
412	413
413	651
413	438
413	662
413	381
413	779
413	330
413	182
413	407
413	79
413	462
413	267
413	275
414	731
414	325
414	495
414	682
414	268
414	98
414	264
414	768
414	623
414	510
414	374
414	198
415	320
415	622
415	214
415	361
415	142
415	108
415	106
415	161
415	489
415	776
415	211
415	403
416	679
416	740
416	65
416	462
416	729
416	238
416	534
416	503
416	708
416	482
416	52
416	635
417	93
417	155
417	555
417	456
417	540
417	300
417	481
417	247
417	519
417	280
417	471
417	127
418	603
418	491
418	387
418	433
418	483
418	190
418	530
418	681
418	401
418	755
418	120
418	557
419	266
419	74
419	79
419	397
419	649
419	5
419	425
419	326
419	723
419	77
419	21
419	125
420	391
420	444
420	518
420	778
420	407
420	66
420	421
420	759
420	383
420	310
420	662
420	276
421	33
421	267
421	72
421	662
421	47
421	17
421	584
421	474
421	669
421	289
421	393
421	651
422	46
422	702
422	437
422	518
422	199
422	714
422	454
422	494
422	237
422	188
422	234
422	390
423	168
423	382
423	144
423	738
423	531
423	762
423	360
423	107
423	223
423	483
423	51
423	578
424	555
424	11
424	782
424	149
424	220
424	312
424	268
424	235
424	777
424	315
424	528
424	296
425	273
425	329
425	177
425	797
425	562
425	657
425	637
425	611
425	242
425	580
425	166
425	526
426	3
426	114
426	19
426	294
426	603
426	513
426	168
426	619
426	622
426	202
426	733
426	311
427	236
427	9
427	347
427	706
427	259
427	183
427	248
427	81
427	791
427	661
427	380
427	608
428	45
428	499
428	240
428	361
428	413
428	296
428	182
428	543
428	605
428	251
428	196
428	577
429	377
429	524
429	447
429	590
429	318
429	540
429	654
429	307
429	409
429	797
429	360
429	79
430	462
430	411
430	19
430	228
430	616
430	224
430	114
430	641
430	643
430	303
430	229
430	384
431	332
431	188
431	325
431	348
431	764
431	632
431	405
431	793
431	544
431	287
431	106
431	339
432	618
432	541
432	258
432	330
432	25
432	632
432	690
432	438
432	404
432	715
432	637
432	306
433	596
433	465
433	21
433	66
433	336
433	571
433	182
433	34
433	116
433	600
433	88
433	352
434	320
434	393
434	313
434	189
434	402
434	775
434	479
434	321
434	649
434	573
434	677
434	349
435	773
435	241
435	102
435	359
435	712
435	309
435	67
435	171
435	480
435	705
435	164
435	455
436	755
436	569
436	686
436	742
436	231
436	528
436	310
436	305
436	413
436	448
436	738
436	593
437	678
437	162
437	197
437	332
437	241
437	27
437	187
437	465
437	21
437	105
437	39
437	759
438	425
438	580
438	314
438	401
438	462
438	147
438	250
438	352
438	507
438	440
438	113
438	254
439	290
439	292
439	169
439	287
439	225
439	82
439	452
439	610
439	784
439	365
439	87
439	503
440	92
440	624
440	435
440	487
440	344
440	459
440	773
440	51
440	179
440	375
440	746
440	42
441	115
441	46
441	783
441	292
441	517
441	685
441	673
441	83
441	475
441	577
441	162
441	688
442	280
442	246
442	257
442	289
442	449
442	769
442	595
442	777
442	714
442	40
442	153
442	384
443	573
443	235
443	537
443	755
443	42
443	543
443	162
443	91
443	743
443	430
443	281
443	738
444	162
444	383
444	432
444	284
444	183
444	35
444	502
444	584
444	735
444	665
444	97
444	15
445	314
445	352
445	398
445	133
445	130
445	144
445	114
445	208
445	472
445	147
445	659
445	291
446	252
446	565
446	543
446	736
446	431
446	272
446	381
446	201
446	748
446	237
446	295
446	127
447	682
447	219
447	95
447	504
447	601
447	651
447	621
447	224
447	156
447	700
447	623
447	271
448	441
448	742
448	737
448	251
448	351
448	715
448	25
448	579
448	346
448	621
448	180
448	304
449	37
449	677
449	604
449	415
449	628
449	621
449	514
449	123
449	270
449	717
449	713
449	381
450	396
450	533
450	718
450	262
450	539
450	758
450	230
450	21
450	790
450	7
450	743
450	535
451	633
451	88
451	125
451	431
451	799
451	42
451	279
451	550
451	539
451	729
451	375
451	667
452	377
452	336
452	172
452	565
452	517
452	505
452	248
452	111
452	689
452	331
452	60
452	760
453	413
453	159
453	297
453	653
453	493
453	40
453	676
453	585
453	304
453	336
453	193
453	507
454	150
454	508
454	642
454	562
454	46
454	63
454	197
454	121
454	346
454	3
454	455
454	73
455	52
455	18
455	251
455	655
455	1
455	620
455	498
455	186
455	761
455	723
455	619
455	388
456	413
456	715
456	218
456	621
456	531
456	691
456	508
456	350
456	423
456	501
456	671
456	368
457	59
457	723
457	76
457	692
457	421
457	581
457	34
457	436
457	651
457	481
457	632
457	561
458	320
458	104
458	303
458	618
458	748
458	402
458	786
458	377
458	371
458	192
458	406
458	260
459	698
459	379
459	411
459	123
459	221
459	314
459	482
459	5
459	461
459	399
459	540
459	371
460	720
460	731
460	636
460	606
460	484
460	779
460	198
460	595
460	776
460	506
460	115
460	132
461	798
461	627
461	292
461	1
461	125
461	584
461	54
461	14
461	315
461	252
461	110
461	188
462	731
462	798
462	203
462	608
462	397
462	105
462	437
462	718
462	530
462	470
462	614
462	559
463	440
463	116
463	73
463	408
463	113
463	404
463	67
463	614
463	474
463	240
463	48
463	669
464	522
464	146
464	598
464	552
464	577
464	605
464	565
464	419
464	745
464	235
464	623
464	451
465	572
465	331
465	27
465	768
465	47
465	253
465	799
465	492
465	49
465	611
465	587
465	636
466	251
466	123
466	470
466	657
466	20
466	555
466	505
466	182
466	667
466	265
466	201
466	126
467	24
467	707
467	706
467	555
467	78
467	214
467	209
467	734
467	163
467	10
467	254
467	499
468	284
468	580
468	456
468	260
468	450
468	93
468	200
468	212
468	230
468	525
468	481
468	797
469	269
469	8
469	602
469	628
469	481
469	587
469	606
469	509
469	538
469	125
469	778
469	549
470	516
470	450
470	733
470	86
470	682
470	492
470	207
470	677
470	494
470	529
470	396
470	170
471	588
471	711
471	543
471	680
471	461
471	150
471	456
471	12
471	439
471	460
471	325
471	737
472	651
472	120
472	170
472	685
472	307
472	169
472	166
472	712
472	690
472	419
472	16
472	128
473	406
473	161
473	46
473	100
473	506
473	680
473	351
473	539
473	613
473	404
473	374
473	505
474	389
474	231
474	197
474	7
474	106
474	530
474	616
474	481
474	688
474	195
474	118
474	702
475	526
475	545
475	102
475	410
475	464
475	691
475	758
475	266
475	318
475	167
475	4
475	533
476	150
476	304
476	470
476	437
476	449
476	629
476	443
476	504
476	578
476	129
476	58
476	259
477	229
477	119
477	362
477	198
477	483
477	144
477	768
477	799
477	674
477	695
477	792
477	336
478	794
478	647
478	2
478	9
478	595
478	267
478	718
478	61
478	504
478	63
478	443
478	527
479	91
479	598
479	424
479	435
479	604
479	749
479	473
479	239
479	542
479	648
479	507
479	488
480	725
480	579
480	252
480	250
480	193
480	764
480	258
480	100
480	87
480	59
480	335
480	83
481	184
481	676
481	561
481	304
481	605
481	710
481	705
481	742
481	696
481	730
481	341
481	376
482	133
482	640
482	382
482	616
482	115
482	43
482	746
482	231
482	540
482	417
482	615
482	795
483	281
483	249
483	591
483	570
483	544
483	174
483	580
483	478
483	799
483	269
483	615
483	20
484	202
484	91
484	572
484	556
484	266
484	784
484	434
484	100
484	504
484	592
484	669
484	328
485	29
485	354
485	448
485	90
485	227
485	269
485	516
485	686
485	792
485	101
485	67
485	96
486	793
486	774
486	585
486	362
486	767
486	502
486	456
486	474
486	281
486	13
486	720
486	723
487	109
487	170
487	182
487	634
487	436
487	249
487	242
487	716
487	595
487	26
487	519
487	581
488	132
488	188
488	797
488	487
488	277
488	86
488	718
488	692
488	463
488	391
488	395
488	496
489	139
489	528
489	49
489	104
489	416
489	663
489	267
489	285
489	771
489	406
489	50
489	576
490	536
490	412
490	798
490	695
490	112
490	394
490	697
490	86
490	765
490	120
490	147
490	762
491	319
491	344
491	28
491	476
491	34
491	12
491	477
491	568
491	128
491	169
491	200
491	457
492	686
492	629
492	247
492	541
492	328
492	129
492	683
492	799
492	118
492	38
492	624
492	759
493	235
493	400
493	369
493	23
493	662
493	50
493	280
493	702
493	768
493	608
493	164
493	62
494	82
494	74
494	282
494	99
494	435
494	729
494	536
494	260
494	676
494	61
494	416
494	399
495	15
495	712
495	741
495	231
495	196
495	620
495	742
495	44
495	185
495	707
495	399
495	191
496	544
496	248
496	275
496	745
496	429
496	421
496	60
496	118
496	287
496	564
496	754
496	81
497	74
497	429
497	359
497	247
497	180
497	334
497	745
497	658
497	32
497	331
497	286
497	772
498	198
498	219
498	308
498	729
498	276
498	325
498	665
498	624
498	374
498	93
498	98
498	426
499	165
499	628
499	426
499	88
499	694
499	286
499	418
499	161
499	64
499	463
499	518
499	413
500	749
500	659
500	156
500	590
500	506
500	85
500	651
500	140
500	169
500	757
500	739
500	107
501	139
501	180
501	260
501	495
501	462
501	415
501	226
501	648
501	658
501	794
501	745
501	530
502	745
502	797
502	774
502	49
502	460
502	440
502	484
502	34
502	234
502	415
502	164
502	656
503	681
503	374
503	2
503	15
503	758
503	701
503	734
503	549
503	402
503	120
503	716
503	263
504	517
504	224
504	255
504	787
504	404
504	694
504	443
504	182
504	647
504	220
504	25
504	411
505	234
505	208
505	164
505	464
505	182
505	428
505	203
505	589
505	95
505	353
505	708
505	219
506	34
506	215
506	525
506	315
506	132
506	115
506	39
506	392
506	641
506	282
506	33
506	757
507	168
507	338
507	145
507	340
507	568
507	691
507	155
507	720
507	650
507	651
507	93
507	239
508	76
508	412
508	240
508	764
508	60
508	641
508	210
508	358
508	594
508	216
508	500
508	755
509	426
509	74
509	717
509	77
509	155
509	336
509	274
509	198
509	301
509	720
509	313
509	227
510	501
510	62
510	326
510	443
510	178
510	777
510	537
510	272
510	55
510	706
510	671
510	335
511	430
511	591
511	545
511	229
511	567
511	169
511	794
511	637
511	680
511	486
511	105
511	648
512	372
512	432
512	501
512	509
512	275
512	764
512	337
512	649
512	794
512	241
512	564
512	299
513	282
513	20
513	439
513	406
513	207
513	101
513	7
513	122
513	554
513	3
513	343
513	274
514	752
514	317
514	121
514	39
514	229
514	410
514	493
514	379
514	17
514	648
514	771
514	778
515	17
515	610
515	512
515	439
515	193
515	380
515	57
515	278
515	782
515	735
515	350
515	382
516	712
516	466
516	696
516	39
516	579
516	355
516	460
516	115
516	501
516	387
516	383
516	581
517	278
517	768
517	608
517	463
517	546
517	109
517	88
517	410
517	397
517	790
517	209
517	78
518	654
518	414
518	293
518	447
518	181
518	312
518	87
518	727
518	77
518	208
518	292
518	551
519	241
519	112
519	657
519	204
519	175
519	439
519	335
519	86
519	180
519	139
519	785
519	142
520	309
520	519
520	364
520	538
520	407
520	336
520	750
520	782
520	588
520	690
520	318
520	549
521	535
521	459
521	137
521	626
521	783
521	467
521	407
521	215
521	379
521	563
521	468
521	533
522	221
522	44
522	324
522	739
522	580
522	339
522	652
522	148
522	183
522	45
522	681
522	209
523	73
523	346
523	222
523	282
523	555
523	770
523	259
523	327
523	98
523	110
523	411
523	685
524	93
524	123
524	355
524	495
524	692
524	367
524	769
524	499
524	386
524	723
524	445
524	680
525	201
525	757
525	776
525	125
525	132
525	101
525	553
525	198
525	632
525	292
525	574
525	655
526	447
526	225
526	6
526	729
526	403
526	83
526	573
526	360
526	243
526	259
526	10
526	422
527	32
527	618
527	436
527	350
527	73
527	171
527	373
527	48
527	760
527	92
527	765
527	72
528	120
528	520
528	284
528	177
528	406
528	23
528	259
528	257
528	48
528	180
528	748
528	269
529	337
529	657
529	660
529	89
529	625
529	485
529	308
529	496
529	500
529	262
529	243
529	329
530	473
530	181
530	234
530	127
530	94
530	301
530	148
530	106
530	429
530	772
530	543
530	561
531	295
531	194
531	200
531	760
531	95
531	553
531	274
531	6
531	797
531	766
531	635
531	130
532	792
532	113
532	615
532	601
532	682
532	788
532	274
532	688
532	96
532	624
532	471
532	118
533	495
533	120
533	318
533	241
533	370
533	118
533	417
533	116
533	785
533	28
533	378
533	608
534	22
534	510
534	264
534	636
534	570
534	755
534	705
534	744
534	272
534	782
534	637
534	70
535	733
535	746
535	175
535	216
535	210
535	579
535	776
535	371
535	350
535	269
535	775
535	142
536	388
536	782
536	298
536	502
536	426
536	462
536	11
536	648
536	321
536	382
536	401
536	420
537	676
537	465
537	323
537	427
537	564
537	452
537	374
537	200
537	28
537	643
537	364
537	322
538	125
538	330
538	501
538	91
538	172
538	566
538	312
538	188
538	522
538	549
538	706
538	268
539	476
539	690
539	334
539	222
539	95
539	192
539	524
539	38
539	116
539	720
539	228
539	493
540	24
540	729
540	788
540	425
540	395
540	380
540	266
540	293
540	181
540	479
540	389
540	756
541	70
541	787
541	366
541	74
541	512
541	395
541	49
541	522
541	135
541	254
541	762
541	612
542	487
542	167
542	293
542	755
542	416
542	576
542	480
542	328
542	622
542	121
542	602
542	610
543	428
543	139
543	564
543	411
543	733
543	629
543	360
543	338
543	225
543	369
543	138
543	788
544	789
544	612
544	286
544	137
544	81
544	607
544	740
544	684
544	37
544	226
544	30
544	549
545	442
545	64
545	103
545	594
545	744
545	483
545	218
545	790
545	777
545	250
545	214
545	785
546	685
546	698
546	90
546	130
546	631
546	118
546	41
546	294
546	58
546	707
546	796
546	216
547	147
547	800
547	747
547	253
547	685
547	471
547	458
547	58
547	531
547	407
547	169
547	353
548	659
548	508
548	323
548	338
548	677
548	293
548	621
548	174
548	344
548	708
548	209
548	408
549	628
549	109
549	397
549	23
549	774
549	349
549	447
549	217
549	327
549	423
549	309
549	280
550	135
550	154
550	546
550	12
550	42
550	773
550	775
550	628
550	793
550	652
550	525
550	435
551	138
551	44
551	723
551	61
551	356
551	208
551	769
551	159
551	305
551	75
551	572
551	292
552	201
552	340
552	729
552	180
552	267
552	461
552	339
552	348
552	747
552	85
552	183
552	190
553	510
553	165
553	128
553	438
553	457
553	178
553	311
553	756
553	244
553	251
553	749
553	393
554	746
554	600
554	145
554	438
554	225
554	292
554	64
554	345
554	172
554	336
554	247
554	373
555	123
555	139
555	74
555	599
555	384
555	324
555	144
555	53
555	719
555	664
555	167
555	430
556	613
556	344
556	56
556	448
556	600
556	331
556	162
556	117
556	131
556	36
556	625
556	631
557	686
557	173
557	453
557	60
557	699
557	381
557	683
557	767
557	423
557	740
557	637
557	590
558	611
558	344
558	743
558	87
558	495
558	146
558	442
558	334
558	164
558	252
558	237
558	616
559	492
559	665
559	783
559	532
559	655
559	428
559	774
559	119
559	533
559	675
559	441
559	640
560	64
560	738
560	602
560	39
560	508
560	749
560	532
560	2
560	460
560	558
560	764
560	554
561	55
561	449
561	236
561	407
561	363
561	648
561	373
561	518
561	746
561	167
561	715
561	47
562	202
562	205
562	764
562	90
562	465
562	729
562	553
562	188
562	629
562	493
562	306
562	638
563	47
563	28
563	13
563	311
563	638
563	403
563	74
563	324
563	647
563	381
563	716
563	99
564	586
564	732
564	263
564	554
564	690
564	7
564	711
564	375
564	282
564	392
564	784
564	575
565	658
565	676
565	125
565	798
565	218
565	64
565	32
565	647
565	166
565	673
565	312
565	569
566	230
566	323
566	787
566	563
566	279
566	356
566	727
566	531
566	442
566	52
566	537
566	42
567	10
567	611
567	215
567	421
567	267
567	372
567	119
567	654
567	349
567	486
567	36
567	274
568	296
568	50
568	734
568	679
568	153
568	353
568	193
568	666
568	516
568	105
568	307
568	302
569	550
569	449
569	613
569	419
569	452
569	394
569	413
569	223
569	509
569	356
569	465
569	578
570	66
570	87
570	51
570	773
570	447
570	367
570	49
570	480
570	393
570	495
570	578
570	266
571	664
571	448
571	306
571	259
571	795
571	393
571	572
571	263
571	642
571	231
571	617
571	424
572	194
572	192
572	322
572	496
572	293
572	730
572	140
572	134
572	92
572	490
572	50
572	642
573	493
573	411
573	49
573	290
573	524
573	748
573	459
573	582
573	750
573	660
573	560
573	658
574	576
574	76
574	705
574	103
574	626
574	517
574	80
574	524
574	493
574	731
574	644
574	632
575	414
575	281
575	538
575	384
575	732
575	259
575	738
575	398
575	226
575	790
575	780
575	552
576	671
576	785
576	310
576	631
576	311
576	420
576	800
576	348
576	546
576	168
576	301
576	768
577	523
577	89
577	710
577	32
577	318
577	589
577	190
577	79
577	262
577	222
577	135
577	529
578	254
578	487
578	545
578	325
578	31
578	364
578	151
578	239
578	33
578	637
578	357
578	355
579	417
579	276
579	411
579	599
579	317
579	517
579	568
579	147
579	201
579	674
579	712
579	52
580	153
580	222
580	460
580	444
580	26
580	398
580	481
580	642
580	639
580	307
580	657
580	105
581	757
581	248
581	339
581	497
581	14
581	98
581	130
581	780
581	459
581	469
581	567
581	249
582	82
582	549
582	462
582	418
582	467
582	463
582	474
582	265
582	379
582	762
582	11
582	597
583	152
583	395
583	3
583	15
583	68
583	580
583	607
583	336
583	542
583	393
583	296
583	615
584	189
584	345
584	765
584	291
584	716
584	57
584	491
584	617
584	774
584	255
584	384
584	48
585	240
585	761
585	278
585	305
585	181
585	781
585	714
585	457
585	651
585	114
585	512
585	550
586	434
586	177
586	213
586	106
586	422
586	686
586	230
586	231
586	602
586	351
586	392
586	296
587	624
587	760
587	377
587	744
587	634
587	684
587	56
587	380
587	139
587	62
587	16
587	60
588	273
588	607
588	486
588	404
588	175
588	591
588	159
588	441
588	341
588	328
588	523
588	385
589	38
589	15
589	93
589	592
589	128
589	405
589	439
589	231
589	590
589	446
589	337
589	456
590	652
590	399
590	120
590	608
590	114
590	596
590	380
590	45
590	8
590	702
590	61
590	574
591	131
591	645
591	426
591	649
591	78
591	114
591	626
591	58
591	87
591	536
591	694
591	752
592	282
592	79
592	103
592	662
592	531
592	179
592	473
592	658
592	553
592	641
592	290
592	109
593	51
593	633
593	659
593	640
593	334
593	369
593	503
593	394
593	544
593	19
593	408
593	53
594	540
594	269
594	25
594	604
594	536
594	72
594	774
594	690
594	420
594	287
594	629
594	107
595	537
595	214
595	647
595	29
595	474
595	302
595	386
595	767
595	281
595	23
595	78
595	153
596	237
596	350
596	495
596	221
596	41
596	178
596	537
596	601
596	127
596	579
596	575
596	774
597	154
597	511
597	486
597	57
597	329
597	760
597	178
597	666
597	742
597	247
597	438
597	67
598	696
598	513
598	606
598	142
598	102
598	278
598	311
598	138
598	4
598	229
598	272
598	100
599	130
599	320
599	714
599	332
599	164
599	72
599	246
599	173
599	716
599	269
599	462
599	225
600	3
600	593
600	280
600	619
600	562
600	501
600	373
600	529
600	413
600	795
600	703
600	561
601	389
601	386
601	369
601	632
601	113
601	42
601	750
601	313
601	203
601	477
601	614
601	701
602	396
602	144
602	158
602	148
602	472
602	245
602	417
602	216
602	611
602	95
602	466
602	124
603	182
603	454
603	554
603	800
603	137
603	797
603	282
603	369
603	601
603	342
603	291
603	558
604	388
604	217
604	781
604	782
604	789
604	142
604	70
604	194
604	436
604	329
604	249
604	545
605	621
605	131
605	675
605	642
605	556
605	697
605	345
605	395
605	155
605	144
605	577
605	126
606	532
606	676
606	63
606	763
606	593
606	640
606	446
606	680
606	539
606	210
606	265
606	290
607	241
607	41
607	629
607	460
607	683
607	384
607	134
607	718
607	506
607	462
607	248
607	359
608	406
608	230
608	331
608	6
608	368
608	285
608	93
608	538
608	651
608	800
608	666
608	466
609	738
609	540
609	213
609	455
609	229
609	109
609	61
609	232
609	309
609	451
609	388
609	219
610	751
610	757
610	708
610	293
610	508
610	240
610	298
610	174
610	102
610	777
610	46
610	793
611	51
611	105
611	48
611	86
611	322
611	464
611	776
611	742
611	22
611	300
611	89
611	460
612	132
612	197
612	758
612	399
612	755
612	9
612	599
612	389
612	364
612	88
612	632
612	324
613	5
613	447
613	389
613	751
613	703
613	201
613	784
613	113
613	109
613	594
613	554
613	729
614	439
614	353
614	38
614	53
614	662
614	380
614	111
614	475
614	265
614	541
614	55
614	442
615	542
615	420
615	150
615	70
615	671
615	570
615	552
615	543
615	459
615	364
615	441
615	138
616	37
616	242
616	670
616	163
616	610
616	232
616	98
616	124
616	83
616	644
616	626
616	208
617	218
617	460
617	438
617	27
617	356
617	26
617	760
617	179
617	618
617	753
617	106
617	476
618	672
618	669
618	689
618	73
618	721
618	599
618	55
618	247
618	511
618	153
618	630
618	15
619	716
619	731
619	498
619	474
619	53
619	101
619	564
619	735
619	9
619	279
619	410
619	343
620	504
620	633
620	743
620	448
620	463
620	60
620	25
620	288
620	187
620	38
620	202
620	258
621	439
621	704
621	143
621	571
621	381
621	386
621	583
621	74
621	483
621	147
621	628
621	67
622	693
622	640
622	691
622	169
622	518
622	775
622	102
622	688
622	759
622	111
622	10
622	594
623	619
623	302
623	639
623	446
623	783
623	347
623	489
623	261
623	788
623	228
623	354
623	522
624	462
624	193
624	415
624	775
624	437
624	590
624	528
624	763
624	786
624	227
624	406
624	208
625	509
625	296
625	715
625	238
625	161
625	788
625	191
625	461
625	684
625	171
625	560
625	554
626	92
626	410
626	268
626	540
626	654
626	723
626	579
626	604
626	98
626	172
626	78
626	181
627	508
627	345
627	799
627	644
627	645
627	737
627	4
627	173
627	619
627	484
627	455
627	453
628	778
628	420
628	453
628	706
628	467
628	657
628	308
628	795
628	400
628	544
628	73
628	418
629	28
629	346
629	759
629	551
629	264
629	433
629	654
629	183
629	275
629	32
629	246
629	171
630	638
630	160
630	726
630	559
630	536
630	562
630	584
630	795
630	776
630	166
630	10
630	573
631	451
631	291
631	464
631	504
631	689
631	95
631	680
631	177
631	733
631	486
631	48
631	107
632	234
632	475
632	463
632	177
632	637
632	185
632	271
632	454
632	718
632	664
632	410
632	614
633	489
633	375
633	208
633	388
633	76
633	251
633	22
633	726
633	149
633	565
633	3
633	295
634	493
634	390
634	197
634	740
634	384
634	544
634	328
634	360
634	137
634	488
634	613
634	359
635	133
635	432
635	680
635	500
635	177
635	201
635	620
635	385
635	333
635	695
635	100
635	753
636	735
636	462
636	223
636	10
636	738
636	229
636	653
636	355
636	438
636	301
636	491
636	130
637	340
637	134
637	26
637	115
637	729
637	431
637	427
637	279
637	131
637	365
637	672
637	667
638	23
638	651
638	117
638	224
638	334
638	561
638	712
638	174
638	661
638	604
638	17
638	646
639	492
639	465
639	741
639	459
639	398
639	129
639	132
639	217
639	498
639	633
639	322
639	109
640	262
640	662
640	345
640	570
640	292
640	697
640	209
640	771
640	426
640	716
640	635
640	700
641	65
641	94
641	672
641	124
641	699
641	789
641	85
641	456
641	719
641	62
641	406
641	386
642	215
642	454
642	145
642	429
642	290
642	784
642	497
642	299
642	37
642	85
642	668
642	35
643	62
643	48
643	290
643	456
643	777
643	695
643	14
643	427
643	188
643	588
643	780
643	721
644	235
644	579
644	371
644	760
644	477
644	364
644	725
644	398
644	274
644	47
644	283
644	432
645	383
645	412
645	344
645	209
645	300
645	469
645	126
645	165
645	292
645	188
645	593
645	169
646	767
646	727
646	81
646	270
646	725
646	128
646	542
646	391
646	241
646	589
646	85
646	638
647	155
647	700
647	748
647	196
647	21
647	554
647	699
647	382
647	57
647	795
647	571
647	631
648	274
648	198
648	486
648	699
648	73
648	199
648	246
648	688
648	4
648	430
648	799
648	663
649	5
649	633
649	535
649	606
649	797
649	662
649	115
649	279
649	532
649	73
649	545
649	454
650	206
650	117
650	349
650	114
650	706
650	395
650	21
650	752
650	327
650	539
650	343
650	790
651	325
651	438
651	224
651	787
651	412
651	166
651	394
651	440
651	511
651	253
651	597
651	711
652	129
652	98
652	36
652	478
652	93
652	306
652	783
652	693
652	657
652	194
652	139
652	474
653	787
653	30
653	616
653	150
653	654
653	658
653	108
653	694
653	691
653	434
653	712
653	679
654	601
654	406
654	673
654	54
654	117
654	302
654	402
654	279
654	260
654	161
654	46
654	269
655	181
655	529
655	71
655	480
655	219
655	792
655	620
655	437
655	164
655	496
655	590
655	767
656	122
656	726
656	297
656	531
656	1
656	188
656	50
656	767
656	407
656	14
656	60
656	131
657	175
657	792
657	705
657	515
657	752
657	699
657	190
657	769
657	586
657	377
657	231
657	471
658	412
658	741
658	202
658	401
658	13
658	715
658	725
658	232
658	383
658	91
658	343
658	607
659	638
659	762
659	544
659	680
659	168
659	145
659	72
659	206
659	439
659	128
659	629
659	318
660	293
660	684
660	28
660	513
660	104
660	491
660	760
660	216
660	480
660	253
660	123
660	645
661	7
661	327
661	308
661	586
661	400
661	745
661	511
661	346
661	382
661	141
661	550
661	553
662	144
662	556
662	568
662	678
662	634
662	712
662	404
662	559
662	627
662	671
662	400
662	27
663	460
663	459
663	89
663	55
663	309
663	585
663	655
663	692
663	563
663	575
663	771
663	261
664	684
664	298
664	529
664	415
664	478
664	563
664	768
664	199
664	553
664	402
664	799
664	197
665	212
665	537
665	445
665	599
665	673
665	489
665	624
665	325
665	459
665	186
665	166
665	409
666	102
666	737
666	19
666	401
666	630
666	268
666	178
666	272
666	548
666	615
666	429
666	741
667	423
667	739
667	741
667	658
667	519
667	574
667	439
667	1
667	130
667	703
667	132
667	623
668	327
668	534
668	566
668	144
668	142
668	519
668	341
668	448
668	536
668	670
668	657
668	721
669	395
669	270
669	500
669	658
669	432
669	306
669	195
669	61
669	101
669	274
669	68
669	476
670	543
670	704
670	437
670	689
670	718
670	612
670	524
670	745
670	696
670	467
670	685
670	288
671	262
671	153
671	135
671	72
671	64
671	167
671	324
671	673
671	239
671	553
671	376
671	569
672	797
672	578
672	488
672	394
672	420
672	484
672	161
672	101
672	373
672	661
672	796
672	621
673	595
673	602
673	762
673	535
673	61
673	49
673	140
673	494
673	66
673	415
673	432
673	56
674	703
674	519
674	383
674	420
674	403
674	198
674	272
674	717
674	723
674	709
674	7
674	126
675	375
675	557
675	387
675	327
675	68
675	495
675	377
675	446
675	708
675	730
675	688
675	463
676	195
676	224
676	155
676	548
676	545
676	542
676	131
676	167
676	600
676	514
676	723
676	633
677	507
677	547
677	646
677	444
677	638
677	150
677	717
677	324
677	518
677	225
677	431
677	190
678	300
678	320
678	193
678	139
678	436
678	210
678	224
678	763
678	715
678	606
678	252
678	121
679	14
679	660
679	721
679	377
679	52
679	519
679	786
679	646
679	30
679	472
679	689
679	711
680	314
680	406
680	789
680	765
680	590
680	330
680	710
680	530
680	659
680	326
680	100
680	761
681	795
681	297
681	638
681	123
681	369
681	31
681	28
681	135
681	120
681	440
681	356
681	609
682	215
682	342
682	645
682	360
682	562
682	212
682	43
682	166
682	274
682	690
682	472
682	775
683	73
683	771
683	83
683	256
683	408
683	170
683	629
683	792
683	658
683	454
683	50
683	46
684	262
684	214
684	10
684	461
684	398
684	200
684	596
684	322
684	495
684	264
684	482
684	384
685	562
685	207
685	101
685	534
685	331
685	513
685	177
685	320
685	563
685	705
685	565
685	128
686	475
686	334
686	532
686	494
686	759
686	670
686	278
686	612
686	81
686	230
686	470
686	384
687	566
687	57
687	401
687	210
687	423
687	47
687	397
687	241
687	374
687	9
687	361
687	365
688	75
688	459
688	773
688	316
688	54
688	790
688	37
688	536
688	230
688	307
688	738
688	527
689	595
689	444
689	57
689	398
689	187
689	73
689	133
689	286
689	665
689	283
689	655
689	488
690	393
690	4
690	36
690	338
690	155
690	122
690	515
690	678
690	323
690	198
690	131
690	721
691	532
691	178
691	493
691	272
691	604
691	155
691	795
691	249
691	380
691	62
691	702
691	412
692	299
692	733
692	152
692	374
692	449
692	130
692	789
692	263
692	670
692	173
692	259
692	647
693	342
693	565
693	532
693	566
693	617
693	327
693	241
693	660
693	192
693	644
693	344
693	318
694	792
694	207
694	513
694	96
694	13
694	196
694	507
694	564
694	242
694	168
694	494
694	109
695	495
695	572
695	247
695	182
695	415
695	442
695	283
695	136
695	789
695	678
695	436
695	124
696	743
696	575
696	361
696	134
696	541
696	34
696	782
696	466
696	285
696	130
696	150
696	559
697	747
697	274
697	403
697	318
697	154
697	782
697	235
697	432
697	157
697	666
697	409
697	574
698	484
698	551
698	761
698	660
698	573
698	558
698	277
698	556
698	231
698	152
698	646
698	590
699	500
699	284
699	757
699	662
699	271
699	274
699	495
699	353
699	253
699	54
699	95
699	465
700	329
700	362
700	191
700	383
700	622
700	667
700	154
700	605
700	216
700	507
700	461
700	416
701	30
701	382
701	174
701	675
701	445
701	11
701	276
701	781
701	400
701	411
701	709
701	536
702	330
702	77
702	794
702	470
702	210
702	388
702	131
702	387
702	660
702	509
702	541
702	633
703	40
703	790
703	414
703	762
703	62
703	66
703	488
703	238
703	784
703	554
703	543
703	406
704	484
704	746
704	286
704	14
704	640
704	693
704	442
704	571
704	403
704	9
704	162
704	475
705	81
705	262
705	762
705	86
705	221
705	30
705	143
705	299
705	379
705	481
705	440
705	649
706	698
706	478
706	567
706	713
706	205
706	509
706	672
706	404
706	382
706	331
706	245
706	448
707	491
707	413
707	529
707	303
707	341
707	392
707	150
707	532
707	505
707	94
707	647
707	465
708	111
708	373
708	191
708	539
708	98
708	706
708	505
708	291
708	568
708	681
708	92
708	199
709	561
709	656
709	729
709	3
709	730
709	95
709	696
709	21
709	160
709	773
709	255
709	568
710	644
710	747
710	742
710	184
710	198
710	77
710	286
710	506
710	588
710	539
710	571
710	263
711	717
711	274
711	56
711	671
711	731
711	77
711	397
711	480
711	505
711	530
711	61
711	141
712	719
712	81
712	78
712	310
712	668
712	539
712	29
712	298
712	727
712	371
712	275
712	10
713	90
713	632
713	230
713	703
713	425
713	359
713	289
713	717
713	13
713	10
713	469
713	372
714	189
714	576
714	463
714	190
714	554
714	39
714	697
714	208
714	772
714	228
714	455
714	101
715	474
715	189
715	545
715	702
715	503
715	83
715	634
715	481
715	793
715	295
715	561
715	541
716	31
716	583
716	273
716	314
716	10
716	624
716	465
716	552
716	702
716	580
716	535
716	309
717	532
717	508
717	688
717	605
717	473
717	314
717	791
717	563
717	773
717	478
717	684
717	750
718	556
718	213
718	111
718	606
718	54
718	56
718	357
718	643
718	627
718	708
718	334
718	58
719	274
719	344
719	276
719	84
719	197
719	242
719	560
719	433
719	196
719	142
719	137
719	512
720	305
720	268
720	691
720	298
720	552
720	781
720	94
720	635
720	389
720	167
720	517
720	195
721	184
721	694
721	114
721	8
721	88
721	437
721	123
721	516
721	21
721	163
721	375
721	647
722	113
722	441
722	753
722	268
722	9
722	478
722	272
722	453
722	556
722	677
722	470
722	609
723	45
723	346
723	571
723	238
723	108
723	117
723	176
723	262
723	486
723	520
723	699
723	254
724	465
724	491
724	334
724	180
724	172
724	546
724	206
724	374
724	601
724	768
724	610
724	51
725	142
725	286
725	157
725	451
725	411
725	662
725	101
725	320
725	199
725	743
725	48
725	193
726	89
726	583
726	623
726	335
726	613
726	609
726	8
726	637
726	389
726	366
726	792
726	655
727	719
727	322
727	270
727	596
727	576
727	156
727	291
727	489
727	462
727	171
727	305
727	716
728	376
728	542
728	577
728	258
728	757
728	741
728	280
728	454
728	705
728	484
728	779
728	2
729	69
729	68
729	246
729	257
729	84
729	63
729	585
729	445
729	29
729	56
729	472
729	30
730	799
730	168
730	306
730	315
730	68
730	561
730	9
730	179
730	636
730	644
730	7
730	352
731	103
731	502
731	666
731	391
731	592
731	747
731	608
731	623
731	668
731	245
731	472
731	218
732	134
732	352
732	593
732	292
732	565
732	101
732	187
732	297
732	198
732	578
732	239
732	661
733	187
733	441
733	192
733	623
733	66
733	783
733	743
733	677
733	620
733	481
733	252
733	107
734	3
734	772
734	753
734	261
734	478
734	400
734	722
734	663
734	436
734	664
734	35
734	345
735	780
735	379
735	158
735	402
735	766
735	211
735	33
735	538
735	438
735	108
735	37
735	118
736	780
736	547
736	503
736	682
736	173
736	111
736	640
736	63
736	26
736	663
736	315
736	757
737	598
737	234
737	97
737	291
737	666
737	500
737	328
737	534
737	745
737	315
737	750
737	206
738	461
738	217
738	388
738	156
738	490
738	350
738	499
738	97
738	585
738	498
738	521
738	699
739	372
739	268
739	524
739	610
739	676
739	777
739	337
739	55
739	684
739	746
739	76
739	783
740	451
740	764
740	384
740	305
740	738
740	626
740	10
740	96
740	709
740	154
740	776
740	68
741	494
741	420
741	402
741	390
741	99
741	251
741	35
741	366
741	376
741	3
741	375
741	382
742	684
742	72
742	523
742	339
742	527
742	594
742	186
742	172
742	245
742	705
742	276
742	19
743	273
743	388
743	26
743	52
743	614
743	768
743	797
743	190
743	538
743	296
743	129
743	306
744	164
744	694
744	289
744	24
744	454
744	2
744	334
744	720
744	739
744	247
744	792
744	359
745	585
745	532
745	760
745	657
745	74
745	28
745	655
745	613
745	147
745	663
745	13
745	746
746	180
746	225
746	110
746	320
746	417
746	696
746	753
746	436
746	106
746	117
746	519
746	499
747	208
747	345
747	788
747	717
747	32
747	272
747	579
747	390
747	464
747	91
747	185
747	54
748	130
748	519
748	286
748	681
748	431
748	617
748	326
748	713
748	700
748	554
748	680
748	709
749	135
749	375
749	691
749	760
749	786
749	117
749	221
749	209
749	237
749	471
749	631
749	192
750	773
750	197
750	691
750	559
750	284
750	56
750	751
750	737
750	344
750	99
750	789
750	592
751	23
751	95
751	776
751	507
751	462
751	230
751	534
751	756
751	170
751	115
751	289
751	408
752	681
752	604
752	160
752	602
752	220
752	419
752	396
752	104
752	133
752	797
752	10
752	588
753	182
753	282
753	201
753	410
753	430
753	721
753	355
753	357
753	178
753	148
753	379
753	505
754	256
754	577
754	474
754	243
754	56
754	42
754	115
754	429
754	317
754	144
754	776
754	190
755	521
755	207
755	600
755	422
755	185
755	67
755	415
755	177
755	36
755	101
755	724
755	593
756	192
756	183
756	295
756	711
756	798
756	138
756	665
756	413
756	7
756	479
756	297
756	195
757	47
757	613
757	552
757	350
757	26
757	365
757	520
757	473
757	596
757	69
757	209
757	183
758	570
758	469
758	263
758	293
758	25
758	369
758	123
758	356
758	755
758	285
758	315
758	666
759	595
759	794
759	550
759	140
759	301
759	520
759	103
759	146
759	345
759	450
759	590
759	258
760	646
760	287
760	785
760	397
760	734
760	323
760	749
760	342
760	186
760	280
760	260
760	773
761	209
761	499
761	679
761	193
761	414
761	403
761	494
761	437
761	279
761	501
761	293
761	183
762	768
762	83
762	187
762	632
762	537
762	455
762	275
762	232
762	219
762	333
762	120
762	458
763	25
763	354
763	579
763	694
763	328
763	179
763	546
763	54
763	262
763	729
763	132
763	485
764	472
764	622
764	491
764	725
764	545
764	615
764	695
764	359
764	582
764	168
764	379
764	194
765	61
765	581
765	552
765	200
765	459
765	568
765	621
765	512
765	663
765	314
765	212
765	127
766	550
766	781
766	355
766	165
766	741
766	186
766	529
766	552
766	282
766	759
766	575
766	594
767	647
767	746
767	129
767	34
767	446
767	689
767	589
767	675
767	671
767	524
767	488
767	418
768	31
768	764
768	307
768	63
768	628
768	371
768	107
768	152
768	781
768	561
768	605
768	47
769	644
769	545
769	50
769	645
769	611
769	620
769	330
769	15
769	681
769	299
769	623
769	220
770	264
770	233
770	679
770	134
770	6
770	531
770	357
770	151
770	48
770	24
770	686
770	232
771	429
771	567
771	66
771	341
771	584
771	343
771	522
771	10
771	662
771	240
771	259
771	511
772	260
772	121
772	120
772	689
772	709
772	316
772	514
772	82
772	589
772	251
772	475
772	388
773	169
773	571
773	330
773	715
773	45
773	489
773	586
773	578
773	651
773	10
773	68
773	528
774	733
774	388
774	407
774	175
774	582
774	720
774	564
774	178
774	607
774	286
774	509
774	756
775	180
775	695
775	270
775	478
775	718
775	353
775	690
775	133
775	569
775	685
775	426
775	296
776	584
776	354
776	521
776	301
776	730
776	117
776	607
776	391
776	65
776	628
776	662
776	206
777	761
777	435
777	538
777	3
777	670
777	664
777	566
777	547
777	421
777	524
777	209
777	388
778	337
778	644
778	412
778	650
778	533
778	199
778	247
778	83
778	130
778	119
778	684
778	568
779	108
779	15
779	518
779	318
779	738
779	53
779	184
779	584
779	580
779	634
779	433
779	386
780	41
780	27
780	137
780	457
780	788
780	14
780	394
780	625
780	561
780	713
780	759
780	475
781	298
781	605
781	360
781	1
781	351
781	683
781	57
781	488
781	784
781	634
781	97
781	355
782	86
782	698
782	288
782	474
782	594
782	52
782	168
782	684
782	766
782	79
782	207
782	537
783	400
783	637
783	554
783	393
783	740
783	320
783	647
783	54
783	755
783	9
783	514
783	161
784	541
784	681
784	24
784	234
784	483
784	396
784	730
784	699
784	488
784	762
784	689
784	655
785	437
785	662
785	289
785	434
785	685
785	590
785	329
785	572
785	422
785	16
785	194
785	391
786	314
786	289
786	773
786	283
786	571
786	576
786	454
786	171
786	670
786	624
786	485
786	100
787	42
787	465
787	72
787	782
787	416
787	22
787	125
787	25
787	290
787	581
787	131
787	510
788	372
788	669
788	410
788	31
788	279
788	517
788	268
788	222
788	542
788	121
788	345
788	524
789	2
789	753
789	656
789	414
789	190
789	288
789	40
789	448
789	609
789	94
789	16
789	160
790	80
790	628
790	725
790	402
790	71
790	1
790	679
790	498
790	76
790	389
790	110
790	61
791	780
791	614
791	332
791	421
791	692
791	60
791	450
791	252
791	639
791	511
791	39
791	233
792	671
792	537
792	233
792	556
792	758
792	227
792	524
792	560
792	456
792	715
792	228
792	198
793	598
793	166
793	707
793	333
793	111
793	287
793	347
793	766
793	662
793	630
793	326
793	447
794	461
794	319
794	117
794	103
794	745
794	268
794	560
794	284
794	517
794	639
794	70
794	789
795	254
795	517
795	172
795	635
795	113
795	251
795	72
795	506
795	451
795	309
795	64
795	620
796	538
796	42
796	515
796	793
796	340
796	566
796	673
796	474
796	351
796	404
796	525
796	458
797	133
797	275
797	737
797	551
797	493
797	51
797	116
797	135
797	221
797	211
797	690
797	552
798	150
798	400
798	1
798	588
798	349
798	623
798	478
798	450
798	59
798	603
798	376
798	38
799	93
799	340
799	564
799	546
799	638
799	72
799	334
799	231
799	633
799	613
799	491
799	440
800	678
800	330
800	175
800	562
800	480
800	733
800	718
800	84
800	449
800	204
800	506
800	687
