# Directed graph (each unordered pair of nodes is saved once):
# Generated randomly with edges evenly distributed among nodes
# Nodes: 800 Edges: 1000 
# FromNodeId   ToNodeId
1	372
1	10
2	699
2	488
3	406
3	581
4	699
4	117
5	341
5	331
6	443
6	591
7	352
7	322
8	248
8	179
9	150
9	568
10	315
10	37
11	768
11	561
12	287
12	551
13	200
13	550
14	53
14	69
15	139
15	228
16	291
16	499
17	389
17	223
18	50
18	447
19	387
19	90
20	345
20	435
21	244
21	569
22	132
22	303
23	455
23	206
24	791
24	394
25	40
25	799
26	503
26	505
27	500
27	104
28	284
28	601
29	30
29	489
30	60
30	333
31	18
31	514
32	157
32	741
33	55
33	246
34	566
34	600
35	658
35	611
36	404
36	47
37	779
37	682
38	49
38	102
39	37
39	472
40	622
40	175
41	668
41	217
42	418
42	756
43	379
43	526
44	408
44	2
45	230
45	639
46	786
46	219
47	9
47	749
48	70
48	408
49	151
49	103
50	716
50	641
51	73
51	177
52	351
52	554
53	761
53	435
54	585
54	791
55	414
55	745
56	130
56	339
57	145
57	800
58	52
58	254
59	36
59	50
60	175
60	92
61	211
61	755
62	631
62	716
63	344
63	111
64	155
64	471
65	201
65	194
66	59
66	706
67	717
67	189
68	66
68	757
69	345
69	523
70	529
70	370
71	615
71	659
72	629
72	579
73	664
73	106
74	27
74	562
75	262
75	69
76	346
76	527
77	197
77	698
78	354
78	6
79	742
79	480
80	217
80	619
81	751
81	378
82	60
82	796
83	524
83	536
84	288
84	506
85	35
85	760
86	22
86	136
87	362
87	620
88	580
88	298
89	376
89	93
90	357
90	35
91	623
91	149
92	424
92	556
93	216
93	721
94	405
94	87
95	29
95	798
96	358
96	539
97	369
97	311
98	711
98	612
99	702
99	69
100	476
100	296
101	243
101	728
102	670
102	465
103	701
103	286
104	727
104	421
105	428
105	278
106	269
106	376
107	698
107	279
108	462
108	497
109	617
109	797
110	22
110	653
111	91
111	691
112	59
112	714
113	408
113	368
114	412
114	495
115	726
115	272
116	581
116	73
117	147
117	462
118	706
118	331
119	523
119	162
120	185
120	688
121	401
121	772
122	95
122	186
123	266
123	226
124	437
124	462
125	559
125	403
126	724
126	730
127	548
127	399
128	80
128	50
129	149
129	340
130	160
130	190
131	408
131	457
132	363
132	113
133	521
133	203
134	622
134	174
135	584
135	158
136	290
136	404
137	98
137	215
138	732
138	208
139	626
139	252
140	727
140	119
141	254
141	455
142	95
142	486
143	629
143	87
144	33
144	163
145	661
145	385
146	252
146	589
147	704
147	333
148	696
148	541
149	568
149	48
150	390
150	591
151	34
151	779
152	20
152	117
153	157
153	404
154	464
154	484
155	122
155	585
156	652
156	680
157	448
157	385
158	83
158	742
159	649
159	777
160	779
160	405
161	658
161	446
162	75
162	128
163	414
163	387
164	118
164	533
165	359
165	67
166	730
166	756
167	711
167	709
168	646
168	23
169	684
169	603
170	415
170	473
171	128
171	795
172	577
172	471
173	509
173	755
174	113
174	425
175	130
175	396
176	79
176	467
177	548
177	508
178	137
178	587
179	23
179	201
180	177
180	204
181	243
181	432
182	511
182	79
183	318
183	132
184	140
184	705
185	11
185	485
186	785
186	13
187	318
187	635
188	646
188	475
189	407
189	600
190	536
190	485
191	227
191	668
192	271
192	152
193	635
193	233
194	579
194	111
195	250
195	600
196	8
196	195
197	622
197	768
198	356
198	726
199	660
199	547
200	735
200	454
201	439
202	394
203	754
204	555
205	719
206	41
207	107
208	733
209	537
210	108
211	610
212	40
213	135
214	789
215	80
216	274
217	722
218	277
219	769
220	652
221	378
222	551
223	214
224	553
225	321
226	653
227	555
228	514
229	241
230	423
231	391
232	374
233	448
234	68
235	483
236	383
237	703
238	1
239	567
240	364
241	567
242	789
243	209
244	382
245	230
246	199
247	514
248	151
249	103
250	296
251	311
252	38
253	156
254	77
255	605
256	248
257	179
258	773
259	494
260	214
261	348
262	65
263	231
264	545
265	565
266	80
267	439
268	434
269	420
270	493
271	138
272	331
273	284
274	794
275	722
276	618
277	426
278	174
279	228
280	336
281	674
282	461
283	157
284	282
285	566
286	394
287	180
288	202
289	631
290	355
291	304
292	339
293	197
294	41
295	790
296	50
297	788
298	406
299	800
300	588
301	32
302	465
303	132
304	282
305	428
306	620
307	403
308	744
309	439
310	716
311	214
312	432
313	347
314	774
315	779
316	250
317	385
318	302
319	640
320	68
321	110
322	245
323	627
324	239
325	737
326	16
327	305
328	236
329	449
330	686
331	149
332	610
333	433
334	128
335	590
336	40
337	726
338	37
339	610
340	234
341	417
342	705
343	376
344	769
345	313
346	325
347	190
348	755
349	307
350	413
351	285
352	28
353	537
354	654
355	463
356	270
357	603
358	76
359	782
360	570
361	766
362	271
363	294
364	152
365	49
366	38
367	404
368	43
369	331
370	148
371	412
372	428
373	678
374	256
375	95
376	90
377	778
378	56
379	679
380	255
381	138
382	761
383	466
384	237
385	583
386	648
387	428
388	658
389	33
390	652
391	635
392	234
393	173
394	2
395	377
396	354
397	254
398	366
399	273
400	123
401	403
402	125
403	106
404	558
405	245
406	172
407	585
408	314
409	145
410	717
411	79
412	548
413	621
414	784
415	222
416	800
417	291
418	473
419	450
420	557
421	142
422	76
423	20
424	2
425	517
426	162
427	797
428	182
429	77
430	579
431	344
432	509
433	376
434	321
435	200
436	219
437	133
438	506
439	233
440	343
441	154
442	278
443	237
444	49
445	440
446	535
447	753
448	108
449	560
450	608
451	551
452	446
453	449
454	530
455	242
456	500
457	372
458	410
459	201
460	558
461	364
462	771
463	636
464	512
465	404
466	717
467	129
468	765
469	510
470	291
471	451
472	497
473	314
474	444
475	19
476	435
477	491
478	174
479	684
480	196
481	613
482	695
483	773
484	409
485	528
486	751
487	190
488	546
489	504
490	20
491	613
492	290
493	125
494	233
495	410
496	259
497	520
498	672
499	762
500	341
501	354
502	678
503	372
504	55
505	63
506	490
507	98
508	136
509	747
510	528
511	686
512	530
513	74
514	285
515	650
516	404
517	111
518	303
519	433
520	68
521	197
522	754
523	498
524	621
525	676
526	10
527	373
528	69
529	27
530	683
531	166
532	741
533	518
534	200
535	395
536	5
537	487
538	558
539	534
540	722
541	228
542	119
543	283
544	776
545	579
546	417
547	737
548	461
549	568
550	327
551	351
552	155
553	699
554	596
555	70
556	221
557	357
558	659
559	324
560	217
561	713
562	668
563	496
564	78
565	608
566	113
567	651
568	126
569	25
570	400
571	378
572	194
573	513
574	367
575	77
576	683
577	411
578	676
579	754
580	628
581	462
582	130
583	607
584	526
585	111
586	56
587	418
588	744
589	653
590	510
591	756
592	647
593	88
594	160
595	316
596	61
597	511
598	393
599	2
600	609
601	553
602	60
603	782
604	641
605	436
606	460
607	783
608	81
609	626
610	153
611	774
612	682
613	376
614	683
615	782
616	218
617	123
618	89
619	433
620	229
621	263
622	203
623	442
624	505
625	248
626	328
627	342
628	533
629	256
630	421
631	609
632	756
633	22
634	686
635	207
636	617
637	210
638	567
639	86
640	445
641	786
642	409
643	426
644	207
645	564
646	417
647	458
648	417
649	371
650	399
651	14
652	665
653	661
654	412
655	698
656	359
657	357
658	740
659	279
660	652
661	222
662	87
663	605
664	158
665	212
666	563
667	91
668	240
669	224
670	757
671	498
672	254
673	138
674	726
675	798
676	514
677	213
678	658
679	160
680	203
681	507
682	294
683	577
684	121
685	22
686	282
687	591
688	336
689	358
690	432
691	341
692	202
693	91
694	675
695	122
696	331
697	765
698	767
699	754
700	464
701	783
702	701
703	502
704	68
705	135
706	56
707	614
708	399
709	55
710	125
711	34
712	216
713	538
714	565
715	91
716	5
717	72
718	699
719	181
720	623
721	236
722	144
723	193
724	331
725	21
726	71
727	153
728	38
729	360
730	396
731	530
732	192
733	339
734	575
735	527
736	637
737	421
738	281
739	233
740	353
741	274
742	105
743	383
744	704
745	412
746	562
747	416
748	569
749	272
750	131
751	49
752	371
753	149
754	786
755	70
756	229
757	238
758	340
759	119
760	184
761	581
762	746
763	207
764	337
765	591
766	253
767	305
768	43
769	62
770	362
771	350
772	778
773	682
774	44
775	465
776	80
777	726
778	127
779	40
780	396
781	31
782	720
783	261
784	65
785	583
786	481
787	587
788	798
789	554
790	707
791	18
792	557
793	33
794	497
795	510
796	619
797	638
798	656
799	708
800	628
