# Directed graph (each unordered pair of nodes is saved once):
# Generated randomly with edges evenly distributed among nodes
# Nodes: 800 Edges: 5000 
# FromNodeId   ToNodeId
1	341
1	136
1	106
1	185
1	381
1	111
1	382
2	641
2	471
2	549
2	603
2	78
2	229
2	237
3	85
3	22
3	52
3	127
3	133
3	293
3	786
4	217
4	43
4	581
4	536
4	438
4	553
4	607
5	556
5	516
5	751
5	707
5	639
5	329
5	485
6	775
6	458
6	245
6	267
6	121
6	656
6	23
7	291
7	175
7	429
7	490
7	10
7	191
7	304
8	663
8	262
8	727
8	583
8	532
8	353
8	204
9	454
9	340
9	285
9	613
9	426
9	512
9	789
10	506
10	394
10	690
10	61
10	43
10	197
10	525
11	330
11	621
11	244
11	757
11	339
11	120
11	761
12	300
12	199
12	268
12	505
12	791
12	261
12	340
13	717
13	382
13	790
13	16
13	233
13	145
13	418
14	171
14	673
14	445
14	750
14	168
14	132
14	780
15	481
15	499
15	272
15	748
15	632
15	285
15	176
16	365
16	210
16	361
16	205
16	172
16	170
16	519
17	442
17	239
17	216
17	791
17	361
17	403
17	541
18	232
18	611
18	173
18	525
18	781
18	77
18	233
19	543
19	604
19	131
19	619
19	774
19	469
19	412
20	177
20	102
20	659
20	677
20	294
20	635
20	140
21	766
21	114
21	314
21	375
21	731
21	335
21	789
22	80
22	670
22	56
22	411
22	459
22	20
22	172
23	14
23	615
23	773
23	194
23	265
23	266
23	424
24	294
24	176
24	296
24	342
24	615
24	492
24	61
25	338
25	282
25	412
25	734
25	639
25	749
25	80
26	7
26	21
26	121
26	325
26	560
26	359
26	520
27	469
27	212
27	275
27	327
27	601
27	640
27	49
28	568
28	711
28	125
28	615
28	597
28	82
28	737
29	228
29	699
29	396
29	350
29	76
29	497
29	400
30	674
30	134
30	166
30	122
30	577
30	237
30	38
31	272
31	233
31	575
31	124
31	541
31	131
31	8
32	132
32	152
32	438
32	215
32	285
32	606
32	182
33	440
33	258
33	523
33	600
33	448
33	242
33	618
34	370
34	353
34	21
34	787
34	288
34	305
34	312
35	22
35	138
35	421
35	415
35	738
35	685
35	254
36	252
36	247
36	235
36	546
36	279
36	717
36	449
37	598
37	205
37	559
37	184
37	602
37	69
37	511
38	91
38	588
38	787
38	466
38	467
38	582
38	481
39	245
39	207
39	162
39	660
39	72
39	638
39	304
40	678
40	611
40	429
40	224
40	411
40	441
40	242
41	308
41	777
41	5
41	135
41	174
41	195
41	644
42	446
42	751
42	341
42	765
42	776
42	61
42	68
43	224
43	566
43	699
43	738
43	191
43	781
43	387
44	201
44	347
44	295
44	629
44	711
44	8
44	633
45	788
45	140
45	474
45	520
45	386
45	56
45	746
46	683
46	277
46	36
46	606
46	701
46	412
46	488
47	350
47	399
47	218
47	706
47	408
47	686
47	787
48	772
48	187
48	319
48	595
48	613
48	733
48	72
49	688
49	326
49	134
49	662
49	677
49	731
49	400
50	356
50	513
50	478
50	148
50	601
50	585
50	429
51	407
51	543
51	249
51	368
51	520
51	93
51	428
52	157
52	699
52	259
52	24
52	726
52	777
52	66
53	616
53	222
53	563
53	686
53	292
53	149
53	356
54	724
54	456
54	219
54	372
54	358
54	379
54	672
55	469
55	109
55	654
55	749
55	532
55	160
55	100
56	223
56	297
56	591
56	299
56	488
56	601
56	406
57	581
57	80
57	168
57	298
57	658
57	720
57	324
58	353
58	233
58	773
58	575
58	24
58	302
58	369
59	659
59	381
59	567
59	155
59	111
59	437
59	708
60	727
60	610
60	83
60	123
60	450
60	175
60	792
61	658
61	11
61	331
61	424
61	669
61	759
61	82
62	792
62	685
62	79
62	626
62	202
62	715
62	723
63	455
63	416
63	344
63	108
63	353
63	772
63	737
64	675
64	67
64	549
64	508
64	361
64	601
64	108
65	34
65	146
65	462
65	126
65	314
65	609
65	287
66	219
66	373
66	189
66	203
66	776
66	306
66	501
67	670
67	174
67	657
67	124
67	302
67	550
67	200
68	543
68	580
68	655
68	175
68	712
68	772
68	439
69	37
69	431
69	58
69	210
69	185
69	351
69	496
70	155
70	191
70	307
70	330
70	464
70	432
70	305
71	747
71	363
71	622
71	171
71	579
71	253
71	515
72	149
72	509
72	444
72	548
72	510
72	310
72	354
73	538
73	219
73	378
73	151
73	259
73	748
73	778
74	770
74	509
74	572
74	210
74	132
74	792
74	520
75	649
75	598
75	399
75	653
75	645
75	569
75	147
76	457
76	723
76	27
76	472
76	771
76	238
76	148
77	753
77	299
77	451
77	672
77	243
77	614
77	156
78	602
78	659
78	230
78	513
78	286
78	645
78	514
79	731
79	353
79	247
79	411
79	419
79	161
79	529
80	682
80	313
80	336
80	141
80	143
80	247
80	258
81	698
81	499
81	514
81	787
81	558
81	535
81	612
82	126
82	187
82	242
82	596
82	511
82	191
82	519
83	145
83	21
83	388
83	648
83	443
83	562
83	390
84	713
84	640
84	239
84	593
84	524
84	245
84	422
85	317
85	437
85	326
85	135
85	337
85	443
85	439
86	408
86	137
86	230
86	464
86	235
86	540
86	351
87	354
87	677
87	185
87	106
87	739
87	76
87	173
88	134
88	402
88	677
88	191
88	438
88	555
88	599
89	131
89	731
89	219
89	702
89	478
89	272
89	222
90	786
90	205
90	656
90	494
90	348
90	714
90	411
91	11
91	785
91	153
91	21
91	322
91	169
91	271
92	528
92	347
92	317
92	697
92	249
92	525
92	355
93	130
93	102
93	741
93	308
93	120
93	380
93	408
94	643
94	55
94	256
94	290
94	213
94	655
94	249
95	306
95	248
95	48
95	364
95	733
95	114
95	405
96	737
96	425
96	675
96	651
96	213
96	299
96	278
97	318
97	448
97	510
97	137
97	210
97	726
97	468
98	313
98	637
98	56
98	266
98	533
98	11
98	440
99	134
99	351
99	234
99	744
99	404
99	116
99	528
100	781
100	192
100	412
100	705
100	794
100	279
100	296
101	127
101	29
101	6
101	532
101	760
101	67
101	176
102	620
102	101
102	463
102	484
102	307
102	642
102	660
103	305
103	20
103	358
103	405
103	768
103	555
103	158
104	172
104	388
104	234
104	735
104	478
104	124
104	217
105	312
105	261
105	623
105	164
105	760
105	240
105	234
106	800
106	593
106	466
106	766
106	313
106	270
106	58
107	335
107	626
107	463
107	329
107	553
107	380
107	526
108	69
108	590
108	418
108	187
108	105
108	654
108	627
109	144
109	485
109	79
109	729
109	250
109	539
109	58
110	506
110	410
110	300
110	545
110	723
110	564
110	640
111	583
111	245
111	43
111	448
111	515
111	274
111	528
112	185
112	8
112	658
112	781
112	597
112	341
112	724
113	595
113	18
113	457
113	534
113	453
113	416
113	157
114	213
114	612
114	299
114	680
114	421
114	594
114	293
115	29
115	109
115	731
115	92
115	354
115	785
115	415
116	310
116	443
116	350
116	61
116	362
116	111
116	217
117	607
117	156
117	671
117	717
117	122
117	86
117	389
118	767
118	321
118	460
118	397
118	472
118	197
118	786
119	439
119	69
119	549
119	501
119	26
119	519
119	721
120	631
120	634
120	304
120	525
120	464
120	31
120	147
121	225
121	644
121	564
121	68
121	643
121	92
121	722
122	267
122	640
122	636
122	422
122	328
122	588
122	55
123	540
123	145
123	274
123	8
123	670
123	92
123	36
124	4
124	221
124	696
124	762
124	357
124	619
124	725
125	564
125	612
125	16
125	215
125	666
125	65
125	692
126	266
126	318
126	442
126	168
126	486
126	237
126	627
127	700
127	283
127	361
127	522
127	352
127	37
127	519
128	361
128	343
128	744
128	274
128	551
128	37
128	157
129	732
129	337
129	321
129	290
129	218
129	213
129	229
130	696
130	490
130	451
130	97
130	650
130	6
130	422
131	441
131	555
131	137
131	150
131	235
131	697
131	400
132	528
132	122
132	37
132	725
132	724
132	183
132	598
133	566
133	684
133	288
133	160
133	366
133	129
133	262
134	748
134	325
134	491
134	696
134	206
134	742
134	483
135	643
135	138
135	123
135	639
135	572
135	688
135	242
136	264
136	226
136	395
136	743
136	617
136	414
136	106
137	381
137	471
137	552
137	86
137	109
137	102
137	128
138	17
138	766
138	107
138	415
138	620
138	760
138	542
139	28
139	524
139	3
139	682
139	557
139	352
139	80
140	661
140	635
140	89
140	504
140	684
140	355
140	265
141	594
141	147
141	411
141	743
141	118
141	239
141	312
142	645
142	136
142	310
142	345
142	271
142	623
142	580
143	116
143	411
143	288
143	443
143	697
143	180
143	380
144	310
144	245
144	21
144	206
144	629
144	207
144	662
145	73
145	167
145	615
145	607
145	621
145	375
145	47
146	229
146	493
146	770
146	34
146	506
146	30
146	97
147	536
147	273
147	788
147	274
147	688
147	535
147	69
148	689
148	482
148	303
148	449
148	694
148	658
148	419
149	68
149	132
149	495
149	349
149	625
149	767
149	793
150	459
150	339
150	16
150	748
150	285
150	433
150	540
151	241
151	791
151	48
151	450
151	428
151	542
151	472
152	363
152	605
152	405
152	537
152	709
152	697
152	269
153	511
153	518
153	312
153	207
153	92
153	356
153	210
154	615
154	245
154	306
154	431
154	178
154	797
154	215
155	323
155	501
155	280
155	235
155	610
155	3
155	62
156	457
156	200
156	592
156	606
156	361
156	511
156	798
157	693
157	462
157	622
157	798
157	449
157	559
157	64
158	548
158	249
158	503
158	297
158	486
158	653
158	786
159	154
159	398
159	470
159	83
159	7
159	445
159	278
160	607
160	387
160	144
160	412
160	406
160	335
160	284
161	731
161	272
161	489
161	443
161	295
161	430
161	283
162	357
162	477
162	475
162	672
162	203
162	604
162	701
163	521
163	258
163	276
163	591
163	597
163	562
163	226
164	19
164	682
164	353
164	98
164	227
164	419
164	132
165	600
165	91
165	247
165	347
165	763
165	379
165	291
166	649
166	420
166	335
166	236
166	113
166	652
166	64
167	595
167	505
167	713
167	754
167	91
167	417
167	605
168	240
168	221
168	290
168	520
168	417
168	3
168	434
169	223
169	517
169	369
169	443
169	505
169	533
169	305
170	449
170	458
170	126
170	201
170	164
170	337
170	153
171	628
171	261
171	188
171	412
171	711
171	678
171	163
172	624
172	76
172	454
172	464
172	199
172	33
172	714
173	652
173	345
173	62
173	757
173	555
173	1
173	412
174	197
174	444
174	175
174	654
174	669
174	706
174	124
175	316
175	439
175	277
175	75
175	137
175	429
175	696
176	457
176	604
176	195
176	770
176	655
176	680
176	331
177	244
177	254
177	73
177	429
177	405
177	594
177	51
178	654
178	401
178	54
178	165
178	502
178	599
178	349
179	429
179	411
179	712
179	472
179	360
179	533
179	114
180	472
180	417
180	621
180	614
180	139
180	31
180	488
181	713
181	59
181	37
181	11
181	553
181	445
181	583
182	477
182	25
182	52
182	664
182	72
182	149
182	320
183	463
183	223
183	298
183	38
183	180
183	735
183	595
184	220
184	49
184	797
184	696
184	202
184	592
184	698
185	174
185	639
185	357
185	619
185	13
185	757
185	182
186	13
186	256
186	219
186	714
186	658
186	760
186	418
187	316
187	255
187	181
187	679
187	118
187	319
187	615
188	624
188	533
188	545
188	520
188	632
188	232
188	479
189	522
189	709
189	725
189	545
189	368
189	194
189	143
190	775
190	13
190	286
190	600
190	458
190	123
190	746
191	195
191	352
191	7
191	581
191	648
191	11
191	631
192	101
192	682
192	505
192	3
192	118
192	606
192	53
193	282
193	104
193	694
193	316
193	294
193	286
193	58
194	11
194	320
194	753
194	758
194	53
194	465
194	146
195	357
195	305
195	37
195	169
195	9
195	790
195	193
196	470
196	146
196	607
196	316
196	359
196	708
196	212
197	187
197	484
197	564
197	224
197	70
197	734
197	739
198	589
198	601
198	772
198	749
198	287
198	284
198	33
199	78
199	790
199	779
199	652
199	650
199	684
199	788
200	725
200	743
200	125
200	253
200	3
200	161
200	587
201	218
201	130
201	364
201	61
201	388
201	409
202	706
202	74
202	593
202	798
202	409
202	275
203	256
203	432
203	287
203	201
203	368
203	43
204	688
204	427
204	190
204	50
204	246
204	686
205	296
205	383
205	489
205	331
205	731
205	37
206	158
206	138
206	387
206	718
206	296
206	7
207	731
207	741
207	325
207	494
207	15
207	440
208	645
208	249
208	266
208	623
208	485
208	638
209	229
209	482
209	791
209	8
209	653
209	633
210	553
210	679
210	703
210	315
210	119
210	783
211	136
211	229
211	341
211	473
211	177
211	225
212	351
212	673
212	24
212	34
212	106
212	485
213	785
213	760
213	235
213	311
213	368
213	550
214	660
214	320
214	671
214	794
214	155
214	94
215	746
215	698
215	424
215	185
215	385
215	251
216	662
216	360
216	164
216	718
216	103
216	792
217	235
217	751
217	499
217	214
217	764
217	138
218	264
218	256
218	233
218	129
218	510
218	19
219	576
219	314
219	606
219	491
219	670
219	372
220	260
220	332
220	221
220	613
220	493
220	24
221	218
221	520
221	471
221	575
221	11
221	680
222	632
222	465
222	257
222	468
222	788
222	15
223	151
223	793
223	490
223	313
223	175
223	310
224	353
224	387
224	730
224	773
224	747
224	454
225	379
225	622
225	569
225	521
225	169
225	747
226	445
226	528
226	206
226	573
226	513
226	184
227	260
227	656
227	737
227	382
227	86
227	267
228	573
228	681
228	151
228	266
228	674
228	50
229	86
229	238
229	739
229	524
229	538
229	740
230	554
230	406
230	575
230	138
230	772
230	701
231	514
231	712
231	584
231	776
231	189
231	716
232	32
232	233
232	191
232	647
232	602
232	335
233	562
233	362
233	202
233	183
233	214
233	304
234	131
234	693
234	593
234	63
234	647
234	398
235	395
235	19
235	505
235	410
235	509
235	290
236	415
236	654
236	525
236	701
236	354
236	95
237	252
237	167
237	655
237	333
237	664
237	627
238	478
238	359
238	318
238	635
238	590
238	581
239	225
239	327
239	420
239	222
239	384
239	603
240	787
240	232
240	486
240	316
240	317
240	221
241	190
241	601
241	156
241	16
241	412
241	416
242	769
242	122
242	632
242	640
242	591
242	530
243	452
243	357
243	607
243	334
243	316
243	149
244	489
244	330
244	701
244	291
244	343
244	427
245	119
245	758
245	753
245	483
245	310
245	214
246	365
246	64
246	797
246	449
246	372
246	320
247	539
247	381
247	551
247	156
247	673
247	316
248	249
248	220
248	64
248	352
248	770
248	186
249	495
249	267
249	419
249	103
249	159
249	346
250	462
250	790
250	580
250	698
250	47
250	414
251	603
251	239
251	483
251	532
251	12
251	491
252	420
252	635
252	698
252	577
252	143
252	641
253	779
253	146
253	624
253	134
253	424
253	749
254	455
254	452
254	675
254	364
254	676
254	731
255	699
255	183
255	467
255	667
255	71
255	472
256	790
256	215
256	231
256	50
256	66
256	31
257	458
257	782
257	733
257	124
257	629
257	601
258	438
258	166
258	168
258	407
258	314
258	584
259	382
259	231
259	475
259	428
259	476
259	242
260	403
260	296
260	323
260	707
260	204
260	112
261	64
261	603
261	49
261	61
261	538
261	303
262	229
262	253
262	341
262	556
262	299
262	60
263	252
263	628
263	609
263	742
263	489
263	51
264	372
264	265
264	737
264	664
264	498
264	739
265	16
265	376
265	652
265	56
265	382
265	364
266	499
266	135
266	33
266	742
266	185
266	481
267	433
267	65
267	363
267	761
267	484
267	577
268	599
268	203
268	245
268	184
268	410
268	448
269	245
269	794
269	38
269	62
269	462
269	161
270	423
270	545
270	308
270	340
270	731
270	629
271	209
271	734
271	55
271	44
271	688
271	476
272	522
272	647
272	372
272	18
272	584
272	404
273	343
273	262
273	554
273	98
273	376
273	245
274	686
274	402
274	104
274	244
274	466
274	323
275	365
275	432
275	261
275	603
275	505
275	756
276	743
276	443
276	565
276	700
276	406
276	263
277	336
277	760
277	24
277	574
277	96
277	781
278	133
278	424
278	499
278	70
278	693
278	405
279	631
279	688
279	29
279	25
279	529
279	673
280	483
280	102
280	660
280	729
280	57
280	517
281	335
281	526
281	176
281	688
281	469
281	750
282	335
282	513
282	737
282	196
282	254
282	512
283	747
283	714
283	132
283	255
283	669
283	799
284	588
284	399
284	318
284	146
284	216
284	686
285	210
285	776
285	153
285	222
285	606
285	163
286	597
286	411
286	675
286	187
286	656
286	695
287	291
287	34
287	195
287	367
287	169
287	186
288	4
288	754
288	221
288	10
288	342
288	727
289	369
289	794
289	538
289	494
289	200
289	201
290	420
290	739
290	95
290	487
290	655
290	546
291	137
291	305
291	399
291	114
291	503
291	791
292	740
292	287
292	151
292	661
292	37
292	669
293	732
293	611
293	296
293	520
293	406
293	17
294	614
294	706
294	775
294	783
294	291
294	126
295	681
295	661
295	340
295	156
295	746
295	361
296	758
296	553
296	169
296	484
296	151
296	320
297	89
297	266
297	672
297	41
297	744
297	733
298	345
298	271
298	94
298	343
298	126
298	48
299	714
299	593
299	297
299	167
299	659
299	547
300	225
300	210
300	35
300	206
300	131
300	61
301	546
301	35
301	549
301	666
301	436
301	382
302	148
302	363
302	464
302	674
302	134
302	8
303	19
303	568
303	61
303	450
303	203
303	788
304	307
304	177
304	131
304	636
304	74
304	452
305	372
305	27
305	431
305	127
305	390
305	754
306	720
306	119
306	141
306	284
306	419
306	785
307	777
307	726
307	19
307	358
307	798
307	401
308	543
308	2
308	451
308	674
308	347
308	7
309	734
309	414
309	198
309	20
309	713
309	211
310	525
310	595
310	5
310	129
310	117
310	126
311	218
311	599
311	35
311	660
311	102
311	266
312	59
312	754
312	750
312	8
312	789
312	480
313	471
313	543
313	221
313	191
313	234
313	563
314	229
314	456
314	724
314	313
314	436
314	416
315	425
315	96
315	487
315	459
315	46
315	464
316	557
316	189
316	234
316	26
316	320
316	489
317	224
317	372
317	768
317	232
317	307
317	476
318	58
318	439
318	335
318	652
318	466
318	796
319	760
319	681
319	541
319	387
319	577
319	151
320	413
320	188
320	439
320	681
320	766
320	394
321	708
321	364
321	601
321	627
321	113
321	464
322	574
322	271
322	539
322	200
322	51
322	14
323	108
323	59
323	788
323	130
323	4
323	725
324	406
324	113
324	62
324	525
324	5
324	631
325	587
325	263
325	81
325	447
325	595
325	361
326	408
326	589
326	606
326	470
326	565
326	309
327	535
327	463
327	146
327	182
327	796
327	159
328	403
328	74
328	16
328	354
328	167
328	151
329	381
329	6
329	246
329	274
329	760
329	436
330	158
330	285
330	642
330	162
330	463
330	559
331	668
331	161
331	597
331	450
331	607
331	476
332	706
332	140
332	462
332	292
332	54
332	273
333	104
333	210
333	769
333	705
333	152
333	82
334	275
334	165
334	338
334	411
334	611
334	697
335	745
335	712
335	355
335	694
335	729
335	106
336	164
336	133
336	439
336	525
336	55
336	458
337	392
337	730
337	259
337	8
337	297
337	540
338	647
338	223
338	718
338	429
338	522
338	514
339	92
339	245
339	569
339	58
339	427
339	46
340	674
340	716
340	434
340	511
340	558
340	386
341	703
341	289
341	349
341	81
341	31
341	797
342	25
342	759
342	469
342	373
342	537
342	401
343	394
343	268
343	669
343	515
343	641
343	597
344	125
344	574
344	285
344	732
344	556
344	769
345	722
345	799
345	602
345	409
345	243
345	176
346	757
346	89
346	333
346	478
346	630
346	773
347	608
347	773
347	297
347	440
347	112
347	480
348	398
348	362
348	524
348	1
348	297
348	352
349	141
349	103
349	546
349	650
349	444
349	704
350	580
350	287
350	600
350	95
350	695
350	775
351	618
351	788
351	658
351	133
351	729
351	521
352	179
352	451
352	218
352	756
352	744
352	387
353	225
353	330
353	77
353	451
353	315
353	189
354	436
354	28
354	266
354	312
354	141
354	284
355	609
355	662
355	182
355	65
355	56
355	26
356	129
356	290
356	76
356	438
356	45
356	33
357	310
357	111
357	14
357	388
357	151
357	139
358	502
358	495
358	296
358	623
358	30
358	260
359	561
359	655
359	208
359	269
359	118
359	462
360	551
360	401
360	321
360	791
360	373
360	799
361	739
361	320
361	646
361	264
361	536
361	705
362	695
362	488
362	513
362	82
362	378
362	477
363	74
363	123
363	519
363	345
363	498
363	183
364	366
364	33
364	532
364	561
364	661
364	395
365	342
365	243
365	58
365	314
365	246
365	644
366	123
366	140
366	627
366	563
366	790
366	569
367	299
367	411
367	721
367	19
367	372
367	516
368	291
368	704
368	339
368	681
368	642
368	385
369	752
369	154
369	362
369	167
369	136
369	320
370	75
370	260
370	667
370	566
370	431
370	240
371	184
371	156
371	615
371	447
371	508
371	345
372	255
372	19
372	738
372	445
372	172
372	296
373	464
373	617
373	186
373	655
373	408
373	10
374	219
374	581
374	398
374	137
374	183
374	431
375	326
375	793
375	660
375	285
375	763
375	529
376	66
376	3
376	433
376	641
376	48
376	735
377	339
377	368
377	653
377	90
377	100
377	74
378	128
378	57
378	281
378	41
378	727
378	459
379	201
379	526
379	623
379	89
379	164
379	522
380	674
380	328
380	140
380	410
380	250
380	358
381	122
381	21
381	775
381	731
381	768
381	610
382	448
382	648
382	49
382	545
382	579
382	392
383	195
383	446
383	515
383	225
383	657
383	648
384	678
384	772
384	412
384	249
384	209
384	294
385	314
385	776
385	529
385	724
385	135
385	621
386	139
386	473
386	399
386	720
386	512
386	434
387	300
387	321
387	591
387	618
387	371
387	70
388	455
388	290
388	22
388	142
388	384
388	177
389	78
389	215
389	298
389	194
389	761
389	747
390	430
390	225
390	594
390	68
390	281
390	623
391	329
391	766
391	552
391	449
391	680
391	84
392	425
392	50
392	629
392	796
392	756
392	153
393	714
393	667
393	278
393	363
393	543
393	451
394	257
394	173
394	507
394	343
394	793
394	109
395	751
395	779
395	678
395	649
395	576
395	386
396	497
396	174
396	186
396	148
396	181
396	206
397	416
397	176
397	34
397	798
397	362
397	117
398	136
398	380
398	129
398	175
398	345
398	506
399	415
399	675
399	361
399	473
399	568
399	117
400	182
400	438
400	157
400	87
400	476
400	401
401	648
401	492
401	535
401	238
401	427
401	463
402	562
402	123
402	745
402	235
402	393
402	12
403	675
403	354
403	377
403	351
403	217
403	758
404	543
404	778
404	497
404	212
404	787
404	709
405	217
405	675
405	354
405	42
405	568
405	678
406	272
406	546
406	283
406	404
406	657
406	448
407	452
407	142
407	151
407	382
407	658
407	401
408	294
408	189
408	205
408	309
408	648
408	256
409	482
409	616
409	614
409	184
409	784
409	368
410	212
410	539
410	618
410	303
410	565
410	437
411	295
411	98
411	193
411	628
411	257
411	363
412	444
412	169
412	654
412	582
412	184
412	471
413	636
413	219
413	491
413	398
413	335
413	296
414	247
414	18
414	19
414	278
414	685
414	231
415	455
415	513
415	370
415	685
415	636
415	376
416	702
416	695
416	245
416	799
416	761
416	105
417	494
417	419
417	68
417	147
417	791
417	638
418	133
418	105
418	389
418	500
418	505
418	308
419	4
419	6
419	184
419	681
419	472
419	570
420	292
420	332
420	553
420	213
420	24
420	362
421	214
421	544
421	211
421	238
421	611
421	201
422	616
422	464
422	90
422	711
422	689
422	785
423	511
423	362
423	782
423	769
423	641
423	615
424	660
424	141
424	327
424	483
424	194
424	175
425	573
425	611
425	405
425	710
425	686
425	680
426	774
426	709
426	444
426	692
426	214
426	748
427	401
427	636
427	143
427	772
427	502
427	442
428	165
428	603
428	292
428	233
428	509
428	523
429	100
429	39
429	244
429	386
429	62
429	635
430	554
430	1
430	665
430	201
430	368
430	199
431	496
431	695
431	790
431	305
431	566
431	783
432	360
432	557
432	327
432	537
432	705
432	749
433	203
433	541
433	8
433	360
433	666
433	63
434	101
434	713
434	614
434	706
434	134
434	659
435	30
435	41
435	795
435	321
435	70
435	549
436	735
436	252
436	704
436	317
436	172
436	24
437	424
437	754
437	706
437	236
437	626
437	736
438	476
438	173
438	750
438	188
438	667
438	250
439	619
439	408
439	534
439	230
439	368
439	1
440	118
440	720
440	420
440	463
440	738
440	142
441	292
441	64
441	450
441	288
441	230
441	566
442	532
442	97
442	542
442	791
442	440
442	660
443	112
443	477
443	66
443	164
443	564
443	158
444	748
444	207
444	201
444	665
444	627
444	123
445	623
445	111
445	702
445	317
445	222
445	112
446	249
446	550
446	661
446	640
446	124
446	202
447	26
447	722
447	800
447	603
447	753
447	295
448	526
448	605
448	716
448	319
448	58
448	552
449	283
449	498
449	667
449	38
449	118
449	292
450	597
450	328
450	601
450	329
450	162
450	155
451	201
451	679
451	226
451	607
451	586
451	55
452	726
452	534
452	789
452	710
452	311
452	98
453	178
453	228
453	160
453	108
453	197
453	118
454	632
454	309
454	602
454	289
454	637
454	617
455	422
455	706
455	11
455	492
455	782
455	258
456	124
456	363
456	268
456	227
456	445
456	422
457	533
457	123
457	498
457	320
457	747
457	753
458	94
458	797
458	579
458	316
458	440
458	322
459	579
459	139
459	791
459	206
459	322
459	212
460	11
460	101
460	240
460	343
460	362
460	288
461	328
461	431
461	31
461	736
461	252
461	174
462	390
462	497
462	781
462	490
462	115
462	593
463	123
463	744
463	675
463	775
463	525
463	218
464	602
464	227
464	20
464	280
464	755
464	517
465	248
465	407
465	665
465	56
465	119
465	630
466	667
466	347
466	298
466	62
466	82
466	748
467	478
467	254
467	170
467	770
467	678
467	536
468	625
468	307
468	779
468	642
468	426
468	564
469	441
469	728
469	418
469	733
469	392
469	158
470	703
470	710
470	163
470	637
470	39
470	566
471	727
471	551
471	47
471	714
471	274
471	292
472	146
472	705
472	541
472	185
472	225
472	22
473	762
473	16
473	219
473	584
473	104
473	603
474	499
474	229
474	534
474	594
474	369
474	74
475	447
475	558
475	629
475	691
475	192
475	433
476	18
476	493
476	663
476	26
476	517
476	574
477	303
477	110
477	55
477	746
477	678
477	94
478	447
478	228
478	649
478	767
478	609
478	8
479	395
479	778
479	193
479	763
479	789
479	6
480	324
480	126
480	483
480	621
480	77
480	652
481	571
481	439
481	488
481	621
481	638
481	609
482	776
482	185
482	499
482	9
482	529
482	485
483	28
483	788
483	681
483	306
483	794
483	77
484	261
484	675
484	102
484	388
484	491
484	421
485	233
485	567
485	332
485	128
485	349
485	538
486	789
486	214
486	757
486	323
486	470
486	637
487	798
487	552
487	188
487	400
487	757
487	209
488	47
488	769
488	134
488	757
488	451
488	525
489	730
489	790
489	439
489	748
489	773
489	534
490	605
490	322
490	243
490	623
490	529
490	224
491	137
491	201
491	450
491	249
491	276
491	297
492	231
492	686
492	270
492	252
492	63
492	544
493	244
493	113
493	41
493	133
493	391
493	301
494	235
494	592
494	456
494	747
494	19
494	416
495	439
495	89
495	328
495	43
495	53
495	726
496	110
496	68
496	691
496	353
496	313
496	638
497	232
497	96
497	302
497	72
497	395
497	255
498	479
498	244
498	617
498	429
498	387
498	414
499	117
499	265
499	346
499	437
499	247
499	509
500	60
500	428
500	313
500	383
500	785
500	134
501	111
501	19
501	236
501	291
501	305
501	258
502	109
502	133
502	14
502	756
502	196
502	733
503	15
503	360
503	237
503	597
503	276
503	28
504	224
504	705
504	471
504	556
504	451
504	642
505	72
505	509
505	790
505	720
505	583
505	307
506	724
506	405
506	3
506	666
506	110
506	722
507	243
507	770
507	141
507	49
507	71
507	105
508	43
508	318
508	700
508	89
508	239
508	696
509	741
509	90
509	369
509	82
509	650
509	536
510	496
510	592
510	286
510	371
510	683
510	156
511	344
511	128
511	214
511	577
511	32
511	777
512	8
512	612
512	569
512	727
512	711
512	608
513	562
513	213
513	253
513	533
513	529
513	756
514	567
514	170
514	724
514	590
514	625
514	539
515	708
515	341
515	630
515	702
515	295
515	22
516	779
516	644
516	690
516	685
516	92
516	488
517	579
517	209
517	613
517	475
517	485
517	392
518	361
518	531
518	576
518	301
518	398
518	389
519	402
519	456
519	244
519	119
519	524
519	700
520	264
520	587
520	558
520	719
520	793
520	436
521	104
521	282
521	151
521	12
521	60
521	782
522	119
522	58
522	515
522	201
522	350
522	532
523	282
523	73
523	349
523	361
523	362
523	310
524	340
524	705
524	482
524	116
524	9
524	201
525	355
525	388
525	195
525	755
525	486
525	587
526	102
526	501
526	789
526	10
526	258
526	798
527	226
527	240
527	505
527	478
527	738
527	220
528	44
528	554
528	507
528	149
528	239
528	745
529	664
529	88
529	608
529	380
529	139
529	592
530	41
530	756
530	731
530	454
530	10
530	707
531	509
531	575
531	45
531	591
531	172
531	77
532	212
532	78
532	244
532	67
532	280
532	46
533	73
533	515
533	403
533	257
533	206
533	45
534	776
534	593
534	382
534	507
534	434
534	160
535	345
535	353
535	118
535	785
535	380
535	746
536	458
536	190
536	744
536	440
536	240
536	609
537	73
537	9
537	399
537	506
537	207
537	209
538	712
538	444
538	189
538	797
538	130
538	702
539	158
539	504
539	257
539	171
539	323
539	681
540	662
540	56
540	417
540	252
540	559
540	516
541	284
541	139
541	451
541	212
541	577
541	728
542	520
542	668
542	645
542	713
542	143
542	715
543	514
543	161
543	428
543	245
543	647
543	189
544	670
544	728
544	212
544	721
544	671
544	324
545	46
545	592
545	616
545	678
545	769
545	749
546	5
546	225
546	251
546	745
546	560
546	570
547	88
547	335
547	699
547	593
547	734
547	151
548	284
548	114
548	533
548	337
548	350
548	770
549	443
549	81
549	794
549	452
549	583
549	146
550	109
550	653
550	776
550	404
550	739
550	187
551	355
551	320
551	537
551	564
551	117
551	668
552	342
552	797
552	565
552	120
552	11
552	448
553	798
553	77
553	450
553	200
553	785
553	371
554	649
554	151
554	542
554	513
554	254
554	193
555	30
555	574
555	742
555	712
555	129
555	256
556	209
556	41
556	285
556	248
556	462
556	658
557	551
557	360
557	548
557	546
557	321
557	325
558	155
558	797
558	266
558	790
558	159
558	1
559	146
559	516
559	649
559	454
559	576
559	798
560	366
560	387
560	743
560	198
560	361
560	528
561	330
561	775
561	443
561	440
561	70
561	699
562	739
562	207
562	454
562	192
562	444
562	546
563	610
563	302
563	32
563	70
563	432
563	169
564	94
564	400
564	626
564	592
564	594
564	113
565	32
565	284
565	105
565	371
565	125
565	373
566	59
566	239
566	594
566	326
566	333
566	723
567	403
567	23
567	156
567	534
567	620
567	360
568	565
568	562
568	639
568	789
568	497
568	484
569	746
569	618
569	208
569	169
569	682
569	558
570	223
570	343
570	581
570	439
570	353
570	670
571	500
571	702
571	166
571	408
571	496
571	510
572	138
572	317
572	48
572	351
572	561
572	390
573	376
573	800
573	798
573	333
573	318
573	721
574	225
574	71
574	39
574	686
574	798
574	428
575	488
575	487
575	507
575	759
575	670
575	58
576	49
576	671
576	388
576	253
576	735
576	473
577	779
577	233
577	605
577	677
577	434
577	66
578	608
578	321
578	548
578	659
578	43
578	241
579	794
579	52
579	421
579	12
579	676
579	289
580	612
580	499
580	709
580	242
580	20
580	729
581	156
581	298
581	269
581	493
581	529
581	40
582	2
582	284
582	368
582	40
582	539
582	633
583	692
583	701
583	205
583	329
583	23
583	390
584	215
584	628
584	748
584	374
584	395
584	460
585	647
585	138
585	198
585	582
585	237
585	516
586	702
586	17
586	190
586	198
586	770
586	272
587	430
587	611
587	365
587	533
587	471
587	720
588	395
588	149
588	90
588	12
588	672
588	472
589	602
589	135
589	707
589	402
589	609
589	129
590	504
590	774
590	2
590	672
590	328
590	563
591	424
591	168
591	266
591	539
591	147
591	5
592	162
592	114
592	106
592	427
592	10
592	600
593	585
593	111
593	408
593	591
593	246
593	431
594	320
594	538
594	24
594	615
594	560
594	141
595	316
595	417
595	433
595	625
595	593
595	691
596	318
596	40
596	68
596	219
596	35
596	140
597	506
597	73
597	776
597	86
597	740
597	249
598	134
598	475
598	355
598	551
598	720
598	739
599	730
599	732
599	3
599	794
599	535
599	727
600	302
600	298
600	376
600	599
600	663
600	236
601	30
601	690
601	618
601	354
601	183
601	550
602	667
602	164
602	122
602	146
602	601
602	664
603	508
603	700
603	435
603	189
603	538
603	122
604	346
604	221
604	532
604	149
604	593
604	105
605	435
605	114
605	671
605	132
605	175
605	84
606	497
606	506
606	83
606	355
606	649
606	21
607	526
607	63
607	561
607	359
607	728
607	95
608	50
608	76
608	438
608	603
608	410
608	46
609	206
609	65
609	143
609	357
609	353
609	695
610	467
610	691
610	79
610	689
610	456
610	5
611	101
611	240
611	725
611	493
611	6
611	671
612	648
612	709
612	664
612	784
612	419
612	109
613	453
613	114
613	769
613	63
613	740
613	406
614	314
614	535
614	749
614	634
614	107
614	741
615	411
615	229
615	25
615	213
615	183
615	608
616	431
616	51
616	156
616	468
616	350
616	332
617	493
617	769
617	569
617	423
617	693
617	98
618	271
618	549
618	226
618	512
618	658
618	689
619	485
619	374
619	793
619	316
619	729
619	302
620	654
620	526
620	565
620	175
620	584
620	131
621	563
621	372
621	302
621	657
621	747
621	384
622	21
622	301
622	418
622	201
622	348
622	727
623	541
623	73
623	198
623	710
623	605
623	142
624	413
624	467
624	670
624	75
624	464
624	271
625	171
625	443
625	70
625	634
625	515
625	97
626	208
626	545
626	283
626	314
626	338
626	277
627	229
627	567
627	648
627	628
627	3
627	257
628	490
628	696
628	569
628	244
628	97
628	376
629	639
629	408
629	24
629	486
629	764
629	779
630	375
630	610
630	448
630	758
630	483
630	597
631	545
631	375
631	629
631	495
631	598
631	630
632	110
632	438
632	193
632	796
632	28
632	20
633	786
633	268
633	741
633	380
633	280
633	4
634	103
634	104
634	642
634	240
634	141
634	32
635	739
635	583
635	770
635	7
635	107
635	346
636	196
636	445
636	755
636	2
636	504
636	197
637	12
637	154
637	384
637	370
637	201
637	523
638	608
638	637
638	95
638	120
638	232
638	252
639	724
639	287
639	762
639	673
639	204
639	381
640	100
640	37
640	712
640	611
640	236
640	109
641	176
641	419
641	748
641	266
641	351
641	34
642	692
642	110
642	44
642	192
642	21
642	628
643	726
643	595
643	756
643	404
643	637
643	43
644	393
644	561
644	173
644	304
644	194
644	371
645	777
645	23
645	91
645	679
645	764
645	583
646	783
646	114
646	738
646	501
646	415
646	52
647	481
647	708
647	639
647	165
647	623
647	234
648	153
648	567
648	348
648	776
648	27
648	734
649	574
649	44
649	426
649	783
649	158
649	561
650	309
650	368
650	432
650	130
650	81
650	723
651	756
651	781
651	575
651	741
651	365
651	671
652	21
652	256
652	150
652	700
652	343
652	145
653	680
653	755
653	717
653	403
653	14
653	509
654	623
654	136
654	26
654	642
654	483
654	405
655	131
655	369
655	595
655	341
655	9
655	121
656	625
656	325
656	347
656	166
656	80
656	345
657	795
657	350
657	377
657	289
657	573
657	762
658	579
658	589
658	609
658	371
658	11
658	292
659	100
659	750
659	111
659	209
659	173
659	767
660	279
660	369
660	35
660	786
660	300
660	649
661	710
661	283
661	70
661	299
661	531
661	603
662	329
662	614
662	651
662	117
662	419
662	664
663	768
663	623
663	352
663	26
663	106
663	469
664	553
664	751
664	789
664	92
664	581
664	618
665	275
665	401
665	495
665	573
665	760
665	64
666	629
666	415
666	402
666	179
666	34
666	588
667	685
667	443
667	760
667	69
667	431
667	436
668	475
668	204
668	191
668	455
668	678
668	483
669	299
669	35
669	799
669	242
669	660
669	642
670	316
670	653
670	163
670	130
670	321
670	479
671	188
671	622
671	92
671	130
671	555
671	242
672	289
672	219
672	193
672	216
672	560
672	489
673	316
673	360
673	729
673	165
673	186
673	11
674	77
674	501
674	389
674	323
674	648
674	510
675	242
675	190
675	688
675	524
675	205
675	580
676	677
676	782
676	569
676	447
676	775
676	673
677	622
677	795
677	473
677	679
677	654
677	199
678	789
678	556
678	148
678	743
678	733
678	386
679	793
679	3
679	106
679	125
679	738
679	570
680	660
680	134
680	113
680	714
680	65
680	481
681	51
681	567
681	436
681	505
681	426
681	17
682	122
682	188
682	363
682	176
682	328
682	140
683	695
683	634
683	709
683	614
683	330
683	27
684	518
684	565
684	205
684	482
684	425
684	227
685	87
685	73
685	287
685	451
685	577
685	759
686	771
686	317
686	171
686	725
686	493
686	385
687	315
687	607
687	383
687	320
687	408
687	754
688	171
688	54
688	784
688	287
688	609
688	594
689	499
689	659
689	448
689	165
689	242
689	263
690	488
690	463
690	789
690	501
690	337
690	607
691	38
691	53
691	641
691	25
691	204
691	363
692	556
692	359
692	573
692	37
692	305
692	38
693	238
693	550
693	595
693	286
693	503
693	456
694	643
694	744
694	494
694	85
694	196
694	92
695	321
695	133
695	288
695	771
695	236
695	332
696	80
696	3
696	623
696	563
696	135
696	464
697	750
697	549
697	581
697	345
697	369
697	495
698	787
698	579
698	300
698	638
698	43
698	199
699	477
699	527
699	526
699	546
699	108
699	497
700	6
700	34
700	306
700	217
700	127
700	369
701	595
701	5
701	198
701	645
701	566
701	88
702	319
702	179
702	292
702	82
702	55
702	123
703	141
703	235
703	112
703	273
703	510
703	554
704	74
704	781
704	199
704	88
704	217
704	622
705	37
705	333
705	670
705	448
705	766
705	129
706	198
706	719
706	552
706	162
706	120
706	433
707	192
707	409
707	569
707	757
707	501
707	119
708	210
708	419
708	11
708	354
708	114
708	585
709	773
709	386
709	460
709	200
709	298
709	165
710	417
710	474
710	85
710	437
710	603
710	793
711	28
711	580
711	778
711	343
711	167
711	53
712	787
712	72
712	541
712	594
712	403
712	87
713	6
713	484
713	530
713	291
713	55
713	93
714	330
714	412
714	365
714	433
714	454
714	697
715	409
715	494
715	369
715	252
715	644
715	325
716	710
716	387
716	70
716	276
716	56
716	264
717	91
717	434
717	113
717	75
717	547
717	34
718	126
718	53
718	564
718	118
718	739
718	537
719	600
719	57
719	645
719	524
719	717
719	160
720	146
720	277
720	232
720	591
720	178
720	290
721	279
721	491
721	637
721	385
721	160
721	310
722	131
722	97
722	344
722	388
722	351
722	605
723	788
723	538
723	150
723	497
723	224
723	714
724	504
724	542
724	246
724	341
724	229
724	532
725	239
725	432
725	756
725	41
725	489
725	688
726	426
726	480
726	97
726	164
726	266
726	667
727	785
727	277
727	85
727	573
727	705
727	426
728	706
728	601
728	440
728	789
728	303
728	68
729	751
729	610
729	304
729	661
729	468
729	613
730	389
730	734
730	294
730	228
730	718
730	402
731	777
731	95
731	202
731	109
731	400
731	413
732	277
732	197
732	118
732	238
732	29
732	423
733	782
733	322
733	31
733	535
733	446
733	558
734	379
734	614
734	507
734	234
734	682
734	643
735	662
735	240
735	309
735	635
735	247
735	459
736	67
736	642
736	285
736	608
736	522
736	592
737	531
737	740
737	389
737	76
737	357
737	770
738	678
738	124
738	768
738	554
738	637
738	178
739	54
739	10
739	182
739	650
739	267
739	555
740	437
740	756
740	308
740	93
740	377
740	271
741	171
741	352
741	353
741	93
741	21
741	169
742	701
742	198
742	597
742	469
742	276
742	751
743	497
743	464
743	576
743	34
743	355
743	100
744	129
744	597
744	12
744	165
744	798
744	605
745	22
745	265
745	416
745	426
745	514
745	511
746	24
746	392
746	257
746	535
746	104
746	714
747	101
747	329
747	468
747	756
747	427
747	658
748	658
748	452
748	353
748	443
748	602
748	192
749	139
749	394
749	449
749	467
749	45
749	117
750	267
750	77
750	41
750	286
750	131
750	670
751	733
751	423
751	230
751	638
751	84
751	543
752	203
752	385
752	197
752	264
752	633
752	130
753	367
753	390
753	97
753	392
753	236
753	534
754	53
754	772
754	569
754	509
754	615
754	549
755	293
755	523
755	214
755	328
755	171
755	453
756	437
756	249
756	788
756	505
756	280
756	369
757	689
757	403
757	566
757	173
757	159
757	750
758	196
758	331
758	645
758	206
758	139
758	133
759	693
759	763
759	138
759	416
759	230
759	22
760	585
760	227
760	620
760	22
760	414
760	191
761	71
761	188
761	124
761	95
761	590
761	175
762	447
762	414
762	48
762	536
762	112
762	296
763	202
763	543
763	559
763	675
763	655
763	733
764	333
764	122
764	650
764	135
764	437
764	411
765	291
765	121
765	404
765	119
765	796
765	32
766	695
766	670
766	545
766	687
766	655
766	65
767	479
767	670
767	640
767	656
767	790
767	695
768	452
768	496
768	623
768	678
768	229
768	353
769	127
769	774
769	110
769	791
769	602
769	382
770	213
770	120
770	795
770	330
770	431
770	427
771	355
771	243
771	677
771	568
771	383
771	688
772	24
772	331
772	260
772	567
772	118
772	680
773	550
773	769
773	33
773	508
773	697
773	278
774	221
774	402
774	84
774	671
774	256
774	91
775	569
775	273
775	171
775	374
775	31
775	12
776	465
776	704
776	256
776	423
776	723
776	65
777	610
777	688
777	11
777	361
777	766
777	219
778	525
778	110
778	563
778	780
778	528
778	146
779	202
779	646
779	23
779	710
779	293
779	11
780	6
780	431
780	448
780	429
780	337
780	244
781	269
781	253
781	133
781	556
781	448
781	358
782	791
782	741
782	662
782	647
782	73
782	376
783	590
783	337
783	304
783	37
783	113
783	266
784	507
784	640
784	617
784	551
784	629
784	662
785	21
785	288
785	596
785	225
785	285
785	790
786	169
786	447
786	216
786	385
786	648
786	601
787	440
787	554
787	651
787	65
787	325
787	646
788	667
788	540
788	702
788	573
788	206
788	600
789	477
789	141
789	213
789	2
789	662
789	146
790	4
790	421
790	224
790	244
790	544
790	273
791	147
791	307
791	111
791	525
791	436
791	6
792	20
792	326
792	558
792	416
792	798
792	1
793	373
793	390
793	408
793	39
793	536
793	776
794	444
794	626
794	695
794	244
794	322
794	571
795	342
795	473
795	717
795	414
795	585
795	313
796	652
796	526
796	243
796	494
796	171
796	485
797	120
797	567
797	301
797	598
797	605
797	417
798	582
798	464
798	508
798	335
798	301
798	795
799	199
799	765
799	181
799	478
799	361
799	141
800	756
800	527
800	14
800	48
800	225
800	426
