20
1000 1838 1891 1813 1886 2433 1891 1734 1928 1828 2121 1889 1855 1773 1869 2032 1850 1780 1812 1798 2024
5000 3297 3157 3012 3878 3095 3094 3014 3652 3221 3059 3119 3277 3026 3104 3142 3502 3094 3100 3020 2979
10000 5028 4973 4881 5499 5085 4875 6545 5025 4989 5171 4919 4994 4999 4884 5065 5020 5539 4888 4959 5557
20000 8913 8877 9458 9037 9602 8942 9495 8895 9075 9451 9010 9707 8933 9096 9003 8941 9601 9000 9544 9088
40000 18647 17902 17555 18229 18260 17921 17457 18262 18178 17624 17895 17787 17886 17620 17718 18390 17306 17682 18254 17557
60000 24964 25019 25413 24841 26594 24977 25425 25376 26211 25837 25330 25465 25555 25907 25691 25819 25593 25883 25837 25349
80000 34428 33921 34905 34543 34017 34348 37124 34596 34060 34684 34376 34278 34362 33793 33971 33901 34291 34429 33823 34354
100000 42606 42406 42156 42297 42299 42229 42356 42070 42642 43010 42377 42860 42146 42577 42667 43294 42312 42223 42845 42057
150000 65566 64255 64072 64775 64393 64390 64259 64484 64938 64476 64444 63989 64463 66596 64529 64306 65902 64812 64768 64165
200000 86873 86249 85930 85341 87664 86370 86190 85938 86340 86039 86170 86754 86026 85609 86319 85963 85473 87316 86197 85969
300000 127848 128324 127412 127831 127250 126869 127816 128597 130291 127443 127367 128176 127766 127705 127353 127369 128200 130089 126939 127978
400000 171966 170587 171562 169719 171976 170424 171074 171843 170655 170677 171282 170533 171185 170741 173868 176393 170690 170246 171435 170598
500000 216404 216709 216550 216263 216405 216409 216361 215268 216300 216409 214926 215821 215193 215233 216782 216372 215189 216149 215929 215610
600000 264418 261662 261150 262382 262125 266495 262479 263311 261331 261514 261037 262489 264294 264379 261063 270303 261795 272977 262813 266142
800000 348210 349959 350113 347941 347761 348873 348598 351603 347171 348441 347787 348648 349801 347551 347810 352130 346568 347121 350335 349537
1000000 440065 449164 442123 437372 456341 442369 437634 439562 438213 438115 435655 439065 438358 438573 439788 435093 438875 439671 438181 437229
