0.002156
0.005045
0.000187
0.000187
0.004826
0.000392
0.000187
0.001044
0.000391
0.003377
0.000301
0.000187
0.000387
0.002428
0.000187
0.000347
0.000187
0.000630
0.000415
0.006377
0.000347
0.000994
0.000603
0.000187
0.000608
0.000187
0.002147
0.000415
0.000772
0.000515
0.000347
0.000347
0.001682
0.001913
0.003821
0.000684
0.001863
0.001033
0.000187
0.006341
0.002953
0.000187
0.004500
0.007508
0.000187
0.000187
0.000478
0.002778
0.002280
0.002229
0.000187
0.000267
0.001220
0.000187
0.001662
0.002400
0.000187
0.000187
0.001168
0.000646
0.001498
0.001410
0.000550
0.000187
0.001789
0.002119
0.000267
0.004545
0.004845
0.004418
0.001274
0.002582
0.000347
0.000482
0.000660
0.000709
0.002731
0.000482
0.004627
0.001841
0.001012
0.000187
0.000594
0.000187
0.000187
0.000415
0.000506
0.000347
0.000482
0.008374
0.002063
0.000462
0.000392
0.000187
0.001374
0.000187
0.000187
0.000596
0.000187
0.000187
0.000187
0.000627
0.001315
0.001101
0.002364
0.001398
0.002509
0.003336
0.000187
0.000733
0.003280
0.000187
0.008944
0.000187
0.000187
0.000187
0.004536
0.000267
0.000661
0.000187
0.000550
0.000664
0.001554
0.000187
0.000965
0.002830
0.001189
0.000899
0.000415
0.002708
0.000347
0.002346
0.000415
0.000187
0.001140
0.000683
0.000267
0.001377
0.000267
0.000364
0.000187
0.001751
0.000187
0.002605
0.000804
0.000187
0.002112
0.001942
0.006095
0.000354
0.003017
0.010041
0.003273
0.000347
0.000427
0.000597
0.002022
0.000957
0.000187
0.003177
0.000187
0.001112
0.001295
0.000187
0.000187
0.000347
0.000187
0.000187
0.000187
0.000187
0.000187
0.000657
0.000482
0.004856
0.003154
0.000187
0.000443
0.000187
0.000791
0.000415
0.000482
0.004931
0.000187
0.000415
0.000267
0.000470
0.000187
0.000187
0.000301
0.007383
0.000187
0.000844
0.000347
0.001107
0.001044
0.002018
0.001817
0.000187
0.000955
0.003796
0.001443
0.000574
0.003914
0.000364
0.000187
0.000444
0.002746
0.000773
0.000589
0.000482
0.000824
0.001353
0.000347
0.000937
0.000301
0.000514
0.002750
0.000347
0.000890
0.000187
0.000514
0.001910
0.000267
0.000347
0.000187
0.000848
0.000267
0.005145
0.001944
0.001791
0.002808
0.000187
0.002560
0.000791
0.000187
0.002298
0.000648
0.002316
0.000779
0.002126
0.001840
0.000633
0.000472
0.000335
0.001794
0.000903
0.000187
0.002187
0.000187
0.000926
0.000187
0.000381
0.000482
0.002466
0.000347
0.001644
0.000187
0.000187
0.000597
0.000187
0.002312
0.000468
0.003092
0.000187
0.000187
0.000848
0.000187
0.000187
0.000782
0.000415
0.001024
0.000599
0.001436
0.001044
0.000187
0.000187
0.000482
0.005203
0.004718
0.000187
0.000347
0.008282
0.000347
0.001585
0.006730
0.000747
0.000267
0.000267
0.000187
0.000637
0.006098
0.000187
0.000187
0.002811
0.000187
0.001054
0.000187
0.000335
0.000187
0.000187
0.000187
0.000482
0.001949
0.005376
0.002639
0.000187
0.000347
0.000187
0.000187
0.000187
0.000427
0.000187
0.004397
0.008104
0.001623
0.000347
0.000187
0.000347
0.000187
0.000187
0.000642
0.000267
0.000187
0.000696
0.000603
0.000187
0.000487
0.002126
0.000187
0.000187
0.005129
0.000187
0.001302
0.000187
0.000187
0.000574
0.000347
0.000187
0.002084
0.000523
0.004659
0.000482
0.000695
0.000581
0.004959
0.000489
0.003928
0.002153
0.000187
0.003737
0.002379
0.000267
0.003353
0.003093
0.000729
0.000267
0.004811
0.000427
0.001410
0.000347
0.000187
0.000562
0.001185
0.011183
0.000187
0.000347
0.000347
0.003989
0.000267
0.002064
0.000574
0.001615
0.001904
0.000347
0.000187
0.009426
0.000744
0.001214
0.002102
0.000187
0.000187
0.000472
0.002299
0.000187
0.001548
0.000187
0.000915
0.000187
0.000267
0.000338
0.002584
0.000187
0.000347
0.001390
0.000655
0.002992
0.000187
0.000187
0.001469
0.000597
0.000421
0.000187
0.001251
0.003484
0.001622
0.000552
0.000315
0.008509
0.000632
0.000825
0.002661
0.003915
0.003362
0.001445
0.000267
0.001067
0.006591
0.000630
0.000187
0.000852
0.001838
0.000187
0.001713
0.000384
0.002241
0.000757
0.000187
0.005591
0.000187
0.000187
0.000187
0.000711
0.002468
0.000347
0.003642
0.000733
0.000267
0.000187
0.001733
0.000597
0.000187
0.004726
0.000354
0.000347
0.000482
0.000427
0.000455
0.003224
0.000506
0.000347
0.000652
0.000187
0.000187
0.001800
0.000523
0.000187
0.000335
0.000482
0.000187
0.000347
0.010806
0.004705
0.000807
0.000494
0.001023
0.002144
0.000267
0.000187
0.000187
0.000187
0.000546
0.000267
0.000802
0.000187
0.000267
0.000267
0.000187
0.000187
0.000187
0.002151
0.007365
0.000187
0.000347
0.000335
0.003437
0.000933
0.003192
0.002336
0.000515
0.000550
0.000347
0.000187
0.000540
0.000695
0.000267
0.000482
0.002746
0.002497
0.000335
0.001260
0.000187
0.000815
0.000267
0.000625
0.000427
0.000427
0.000347
0.000376
0.000997
0.000869
0.002441
0.000608
0.000347
0.005308
0.000187
0.000187
0.002093
0.001575
0.000187
0.002522
0.000364
0.000187
0.002532
0.000440
0.000187
0.002674
0.002021
0.003837
0.002064
0.002395
0.000187
0.000187
0.001632
0.000415
0.000550
0.003576
0.003546
0.000575
0.000267
0.000187
0.001013
0.000187
0.000187
0.000187
0.000347
0.002174
0.000594
0.004214
0.000187
0.000352
0.002444
0.000187
0.000791
0.001594
0.000724
0.000384
0.001071
0.003933
0.000598
0.000618
0.000315
0.000893
0.000347
0.000347
0.000574
0.006717
0.002881
0.003103
0.000494
0.000482
0.000187
0.000187
0.000187
0.000187
0.000347
0.000187
0.002918
0.000187
0.002212
0.000335
0.001288
0.000187
0.001832
0.000672
0.000717
0.000187
0.000427
0.000347
0.000267
0.000347
0.001094
0.000187
0.000187
0.000187
0.000187
0.001542
0.000187
0.000187
0.000187
0.001572
0.000364
0.000187
0.004352
0.000187
0.000642
0.000187
0.001745
0.000970
0.002328
0.002820
0.001809
0.000441
0.006752
0.000597
0.000729
0.000187
0.001010
0.000347
0.001197
0.000562
0.003419
0.003731
0.005342
0.000187
0.000187
0.002279
0.000347
0.001606
0.001367
0.000187
0.000946
0.000187
0.000187
0.000187
0.002607
0.000874
0.000347
0.000550
0.000267
0.000347
0.001295
0.000187
0.000187
0.000187
0.000187
0.000347
0.000347
0.000347
0.000267
0.000347
0.002636
0.001392
0.001447
0.002819
0.000187
0.001344
0.000187
0.004161
0.004072
0.000594
0.001759
0.000187
0.000187
0.000335
0.001371
0.000187
0.000187
0.002281
0.000187
0.000454
0.000187
0.002313
0.000187
0.000482
0.000347
0.000506
0.000187
0.002494
0.001975
0.000441
0.000187
0.001901
0.002890
0.000427
0.000187
0.002577
0.000187
0.000267
0.000187
0.000187
0.001585
0.000187
0.000187
0.000187
0.000347
0.001013
0.000187
0.002576
0.003247
0.000187
0.000974
0.000267
0.000738
0.001628
0.000774
0.001202
0.000482
0.000566
0.000267
0.000187
0.000520
0.000187
0.000456
0.000267
0.000187
0.001894
0.002821
0.000187
0.000347
0.005035
0.000354
0.002843
0.000187
0.001388
0.000187
0.001279
0.000809
0.000267
0.000187
0.001535
0.000187
0.000773
0.000844
0.000187
0.001800
0.000187
0.001204
0.000187
0.000187
0.003732
0.000494
0.002557
0.000187
0.000642
0.000894
0.000589
0.001035
0.000187
0.000391
0.000187
0.001411
0.000187
0.000574
0.008312
0.002860
0.001504
0.002504
0.000187
0.000187
0.000267
0.001107
0.000472
0.000187
0.000187
0.000506
0.000347
0.002384
0.001087
0.001438
0.000187
0.004182
0.000421
0.000642
0.008622
0.000187
0.000347
0.000267
0.001178
0.005003
0.000187
0.000187
0.005713
0.002499
0.001416
0.000387
0.008437
0.000187
0.000347
0.001521
0.000347
0.000347
0.000187
0.000187
0.001075
0.000267
0.000267
0.000427
0.001361
0.000446
0.001334
