0.000952
0.000961
0.000954
0.000959
0.000948
0.000950
0.000961
0.000949
0.000948
0.000961
0.000941
0.000956
0.000953
0.000951
0.000947
0.000950
0.000951
0.000953
0.000944
0.000961
0.000962
0.000939
0.000956
0.000959
0.000958
0.000948
0.000956
0.000948
0.000954
0.000959
0.000945
0.000948
0.000955
0.000956
0.000963
0.000949
0.000955
0.000948
0.000963
0.000964
0.000958
0.000953
0.000951
0.000949
0.000944
0.000955
0.000951
0.000959
0.000963
0.000948
0.000956
0.000950
0.000948
0.000961
0.000948
0.000942
0.000962
0.000939
0.000939
0.000954
0.000950
0.000944
0.000945
0.000955
0.000962
0.000954
0.000947
0.000939
0.000955
0.000949
0.000961
0.000943
0.000955
0.000951
0.000938
0.000966
0.000933
0.000949
0.000964
0.000943
0.000957
0.000949
0.000958
0.000953
0.000950
0.000959
0.000953
0.000957
0.000953
0.000960
0.000948
0.000947
0.000953
0.000940
0.000958
0.000952
0.000958
0.000955
0.000964
0.000956
0.000950
0.000950
0.000961
0.000959
0.000960
0.000956
0.000961
0.000948
0.000953
0.000947
0.000951
0.000937
0.000949
0.000947
0.000962
0.000933
0.000955
0.000943
0.000958
0.000949
0.000954
0.000957
0.000950
0.000966
0.000949
0.000962
0.000942
0.000961
0.000938
0.000956
0.000958
0.000955
0.000944
0.000957
0.000970
0.000952
0.000949
0.000946
0.000966
0.000953
0.000948
0.000942
0.000958
0.000963
0.000961
0.000947
0.000951
0.000946
0.000942
0.000959
0.000951
0.000953
0.000955
0.000944
0.000960
0.000955
0.000950
0.000951
0.000955
0.000949
0.000959
0.000957
0.000954
0.000933
0.000962
0.000954
0.000949
0.000956
0.000949
0.000954
0.000938
0.000944
0.000953
0.000940
0.000959
0.000949
0.000956
0.000959
0.000956
0.000944
0.000956
0.000961
0.000958
0.000948
0.000956
0.000956
0.000956
0.000960
0.000952
0.000952
0.000937
0.000938
0.000949
0.000950
0.000943
0.000936
0.000954
0.000948
0.000966
0.000946
0.000954
0.000958
0.000952
0.000957
0.000966
0.000944
0.000954
0.000953
0.000958
0.000954
0.000960
0.000951
0.000957
0.000957
0.000946
0.000936
0.000952
0.000955
0.000961
0.000951
0.000952
0.000945
0.000961
0.000945
0.000933
0.000955
0.000955
0.000943
0.000946
0.000947
0.000943
0.000944
0.000956
0.000945
0.000964
0.000958
0.000957
0.000939
0.000949
0.000951
0.000956
0.000955
0.000951
0.000932
0.000946
0.000940
0.000959
0.000954
0.000945
0.000947
0.000948
0.000952
0.000952
0.000955
0.000948
0.000950
0.000952
0.000949
0.000939
0.000954
0.000956
0.000945
0.000941
0.000949
0.000948
0.000955
0.000949
0.000964
0.000961
0.000961
0.000944
0.000955
0.000960
0.000952
0.000946
0.000953
0.000959
0.000958
0.000952
0.000957
0.000952
0.000951
0.000953
0.000937
0.000959
0.000960
0.000963
0.000973
0.000946
0.000944
0.000945
0.000964
0.000968
0.000952
0.000951
0.000936
0.000933
0.000953
0.000967
0.000955
0.000954
0.000955
0.000945
0.000957
0.000956
0.000944
0.000952
0.000940
0.000952
0.000953
0.000957
0.000950
0.000948
0.000945
0.000947
0.000946
0.000946
0.000955
0.000933
0.000956
0.000951
0.000944
0.000961
0.000961
0.000948
0.000959
0.000952
0.000961
0.000953
0.000947
0.000948
0.000962
0.000962
0.000960
0.000940
0.000958
0.000940
0.000933
0.000962
0.000954
0.000955
0.000947
0.000955
0.000943
0.000951
0.000951
0.000959
0.000949
0.000961
0.000956
0.000953
0.000961
0.000950
0.000952
0.000958
0.000953
0.000956
0.000944
0.000954
0.000950
0.000952
0.000956
0.000967
0.000943
0.000950
0.000944
0.000950
0.000964
0.000943
0.000959
0.000948
0.000958
0.000956
0.000961
0.000954
0.000953
0.000963
0.000951
0.000964
0.000960
0.000943
0.000960
0.000948
0.000953
0.000970
0.000964
0.000945
0.000949
0.000955
0.000954
0.000958
0.000933
0.000946
0.000955
0.000953
0.000954
0.000949
0.000939
0.000961
0.000955
0.000953
0.000963
0.000950
0.000955
0.000949
0.000957
0.000964
0.000944
0.000949
0.000949
0.000957
0.000968
0.000958
0.000967
0.000949
0.000951
0.000948
0.000967
0.000963
0.000956
0.000951
0.000946
0.000965
0.000955
0.000953
0.000962
0.000948
0.000953
0.000952
0.000946
0.000963
0.000953
0.000969
0.000958
0.000943
0.000932
0.000962
0.000949
0.000953
0.000941
0.000956
0.000962
0.000940
0.000944
0.000939
0.000959
0.000956
0.000959
0.000945
0.000968
0.000939
0.000949
0.000945
0.000957
0.000950
0.000961
0.000946
0.000950
0.000971
0.000945
0.000943
0.000955
0.000946
0.000960
0.000956
0.000955
0.000947
0.000960
0.000947
0.000962
0.000943
0.000963
0.000954
0.000949
0.000955
0.000957
0.000953
0.000963
0.000951
0.000959
0.000946
0.000964
0.000950
0.000934
0.000957
0.000952
0.000960
0.000943
0.000957
0.000945
0.000938
0.000954
0.000965
0.000955
0.000946
0.000945
0.000963
0.000955
0.000955
0.000955
0.000950
0.000945
0.000960
0.000954
0.000950
0.000967
0.000963
0.000930
0.000955
0.000938
0.000955
0.000961
0.000948
0.000955
0.000950
0.000959
0.000957
0.000950
0.000941
0.000961
0.000961
0.000941
0.000963
0.000940
0.000962
0.000952
0.000932
0.000953
0.000954
0.000953
0.000967
0.000962
0.000949
0.000954
0.000955
0.000948
0.000952
0.000950
0.000962
0.000953
0.000952
0.000945
0.000954
0.000939
0.000950
0.000958
0.000950
0.000955
0.000945
0.000947
0.000943
0.000958
0.000954
0.000951
0.000949
0.000946
0.000940
0.000963
0.000938
0.000963
0.000929
0.000950
0.000940
0.000951
0.000966
0.000953
0.000935
0.000951
0.000949
0.000959
0.000946
0.000957
0.000955
0.000960
0.000955
0.000956
0.000956
0.000954
0.000943
0.000951
0.000959
0.000959
0.000964
0.000959
0.000955
0.000955
0.000958
0.000949
0.000961
0.000961
0.000972
0.000945
0.000953
0.000953
0.000945
0.000963
0.000958
0.000949
0.000942
0.000942
0.000938
0.000944
0.000955
0.000948
0.000957
0.000966
0.000946
0.000956
0.000940
0.000961
0.000947
0.000946
0.000955
0.000957
0.000959
0.000951
0.000963
0.000955
0.000955
0.000954
0.000947
0.000945
0.000956
0.000942
0.000959
0.000955
0.000951
0.000945
0.000955
0.000961
0.000953
0.000967
0.000957
0.000953
0.000967
0.000943
0.000955
0.000945
0.000954
0.000944
0.000967
0.000958
0.000940
0.000966
0.000955
0.000936
0.000944
0.000943
0.000941
0.000948
0.000955
0.000946
0.000947
0.000949
0.000962
0.000954
0.000956
0.000947
0.000950
0.000953
0.000960
0.000967
0.000953
0.000957
0.000944
0.000946
0.000950
0.000967
0.000962
0.000957
0.000941
0.000955
0.000954
0.000954
0.000950
0.000950
0.000951
0.000961
0.000954
0.000955
0.000944
0.000955
0.000950
0.000952
0.000953
0.000952
0.000948
0.000952
0.000955
0.000962
0.000949
0.000955
0.000952
0.000957
0.000959
0.000937
0.000948
0.000941
0.000963
0.000957
0.000945
0.000939
0.000951
0.000968
0.000942
0.000961
0.000959
0.000945
0.000953
0.000955
0.000942
0.000962
0.000957
0.000957
0.000950
0.000960
0.000965
0.000940
0.000958
0.000956
0.000946
0.000942
0.000940
0.000944
0.000949
0.000944
0.000966
0.000938
0.000958
0.000935
0.000950
0.000960
0.000955
0.000946
0.000960
0.000956
0.000955
0.000960
0.000953
0.000964
0.000952
0.000955
0.000966
0.000954
0.000955
0.000967
0.000953
0.000952
0.000939
0.000946
0.000960
0.000956
0.000954
0.000958
0.000954
0.000948
0.000941
0.000951
0.000945
0.000958
0.000953
0.000952
0.000956
0.000954
0.000956
0.000961
0.000953
0.000946
0.000955
0.000954
0.000953
0.000959
0.000953
0.000953
0.000951
0.000961
0.000949
0.000957
0.000963
0.000937
0.000958
0.000961
0.000949
0.000941
0.000955
0.000957
0.000951
0.000948
0.000951
0.000948
0.000953
0.000969
0.000962
0.000963
0.000950
0.000952
0.000953
0.000951
0.000952
0.000937
0.000954
0.000950
0.000952
0.000954
0.000956
0.000950
0.000934
0.000957
0.000931
0.000950
0.000950
0.000962
0.000942
0.000961
0.000943
0.000944
0.000944
0.000947
0.000955
0.000955
0.000952
0.000940
0.000957
0.000938
0.000953
0.000948
0.000952
0.000960
0.000956
0.000961
0.000955
0.000946
0.000961
0.000957
0.000952
0.000949
0.000958
0.000952
0.000959
0.000940
0.000959
0.000951
0.000949
0.000950
0.000946
0.000941
0.000967
0.000949
0.000950
0.000954
0.000958
0.000961
0.000954
0.000957
0.000948
0.000948
0.000956
0.000949
0.000946
0.000961
0.000951
0.000943
0.000962
0.000956
0.000965
0.000962
0.000949
0.000955
0.000946
0.000968
0.000947
0.000950
0.000953
0.000961
0.000950
0.000959
0.000952
0.000948
0.000939
0.000953
0.000957
0.000954
0.000955
0.000947
0.000954
0.000947
0.000948
0.000955
0.000951
0.000942
0.000961
0.000961
0.000972
0.000934
0.000961
0.000958
0.000969
0.000956
0.000960
0.000954
0.000940
0.000939
0.000951
0.000955
0.000957
0.000961
0.000961
0.000937
0.000947
0.000943
0.000964
0.000956
0.000952
0.000956
0.000964
0.000951
0.000949
0.000949
0.000958
0.000956
0.000963
0.000966
0.000955
0.000964
0.000957
0.000948
0.000953
0.000957
0.000955
0.000937
0.000951
0.000949
0.000948
0.000945
0.000937
0.000951
0.000942
0.000968
0.000952
0.000948
0.000942
0.000947
0.000960
0.000953
0.000949
0.000950
0.000951
0.000951
0.000949
0.000958
0.000962
0.000951
0.000941
0.000950
0.000956
0.000947
0.000956
0.000956
0.000958
0.000962
0.000934
0.000952
0.000946
0.000950
0.000954
0.000955
0.000968
0.000953
0.000946
0.000935
0.000959
0.000947
0.000948
0.000958
0.000949
0.000949
0.000954
0.000943
0.000950
0.000961
0.000955
0.000942
0.000959
0.000949
0.000956
0.000957
0.000939
0.000950
0.000954
0.000960
0.000950
0.000947
0.000951
0.000963
0.000943
0.000947
0.000962
0.000961
0.000948
0.000944
0.000960
0.000961
0.000949
0.000959
0.000952
0.000944
0.000955
0.000947
0.000929
0.000960
0.000952
0.000942
0.000929
0.000952
0.000950
0.000961
0.000944
0.000968
0.000964
0.000952
0.000948
0.000958
0.000954
0.000950
0.000957
0.000950
0.000966
0.000955
0.000954
0.000956
0.000959
0.000951
0.000955
0.000951
0.000950
0.000944
0.000954
0.000955
0.000949
0.000955
0.000951
0.000944
0.000950
0.000955
0.000960
0.000951
0.000936
0.000946
0.000946
0.000939
