0.001041
0.001189
0.001410
0.001463
0.001281
0.001095
0.001178
0.001234
0.001248
0.001198
0.001185
0.001390
0.001262
0.001281
0.001351
0.001147
0.001301
0.001363
0.001381
0.001299
0.001339
0.001450
0.001247
0.001136
0.001035
0.000999
0.001368
0.001133
0.001145
0.001310
0.001101
0.001196
0.001254
0.001223
0.001202
0.001355
0.001235
0.001306
0.001271
0.001194
0.001291
0.001065
0.001215
0.001232
0.001099
0.001171
0.001290
0.001292
0.001102
0.001133
0.001324
0.001160
0.001357
0.001185
0.001376
0.001295
0.001350
0.001260
0.001412
0.001325
0.001084
0.001054
0.001117
0.001519
0.001048
0.001345
0.001332
0.001269
0.001229
0.001512
0.001235
0.001270
0.000975
0.001212
0.001121
0.001209
0.001210
0.001367
0.001225
0.001208
0.001211
0.001133
0.001074
0.001244
0.001328
0.001136
0.001531
0.001259
0.001226
0.001194
0.001304
0.001307
0.001369
0.001121
0.001253
0.001196
0.001171
0.001086
0.001033
0.001241
0.001212
0.001508
0.001518
0.001184
0.001242
0.001322
0.001337
0.001249
0.001344
0.001477
0.001098
0.001164
0.001094
0.001355
0.001206
0.001284
0.001376
0.001273
0.001499
0.001218
0.001639
0.001500
0.001215
0.001472
0.001446
0.001258
0.001278
0.001424
0.001306
0.001360
0.001653
0.001175
0.001355
0.001196
0.001263
0.001393
0.001399
0.001360
0.001201
0.001230
0.001237
0.001241
0.001461
0.001166
0.001356
0.001307
0.001469
0.001223
0.001300
0.001097
0.001153
0.001310
0.001277
0.001102
0.001096
0.001460
0.001277
0.001194
0.001204
0.001344
0.001094
0.001241
0.001291
0.001145
0.001346
0.001242
0.001506
0.001265
0.001320
0.001344
0.001235
0.001084
0.001375
0.001216
0.001271
0.001349
0.001119
0.001198
0.001258
0.001292
0.001185
0.001130
0.001305
0.001228
0.001415
0.001194
0.001220
0.001175
0.001105
0.001328
0.001189
0.001169
0.001165
0.001291
0.001070
0.001090
0.001171
0.001348
0.001289
0.001064
0.001338
0.001228
0.001065
0.001270
0.001282
0.001189
0.000996
0.001365
0.001321
0.001178
0.001338
0.001378
0.001127
0.001055
0.001300
0.001285
0.001326
0.001561
0.001273
0.001303
0.001222
0.001373
0.001295
0.001136
0.001307
0.001294
0.001311
0.001412
0.001024
0.001151
0.001393
0.001166
0.001240
0.001060
0.001265
0.000962
0.001039
0.001191
0.001196
0.001234
0.001233
0.001371
0.001193
0.001251
0.001230
0.001116
0.001145
0.001248
0.001188
0.001042
0.001113
0.001433
0.001124
0.001282
0.001413
0.001364
0.001078
0.001437
0.001279
0.001246
0.001140
0.001201
0.001394
0.001260
0.001159
0.001349
0.001438
0.000927
0.001449
0.001394
0.001398
0.001073
0.001338
0.001502
0.001249
0.001188
0.001196
0.001357
0.001305
0.001276
0.001373
0.001189
0.001277
0.001087
0.001274
0.001325
0.001190
0.001028
0.001183
0.001192
0.001078
0.001152
0.001290
0.001256
0.001295
0.001214
0.001223
0.001310
0.001263
0.001296
0.001283
0.001185
0.001388
0.001279
0.001260
0.001117
0.001147
0.001081
0.001322
0.001328
0.001429
0.001117
0.001523
0.001143
0.001320
0.001317
0.001158
0.001315
0.001201
0.001402
0.001205
0.001266
0.001415
0.001236
0.001161
0.001231
0.001216
0.001253
0.001143
0.001331
0.001287
0.001204
0.001296
0.001312
0.001201
0.001322
0.001274
0.001109
0.001274
0.001482
0.001284
0.001221
0.001347
0.001235
0.001242
0.001459
0.001126
0.001446
0.001029
0.001240
0.001270
0.001174
0.001166
0.001187
0.001295
0.001036
0.001203
0.001358
0.001234
0.001221
0.001289
0.001324
0.001118
0.001332
0.001323
0.001087
0.001188
0.001461
0.001172
0.001282
0.001410
0.001083
0.001219
0.001201
0.001270
0.001391
0.001005
0.001288
0.001255
0.001257
0.001177
0.001238
0.001228
0.001352
0.001264
0.001134
0.001224
0.001287
0.001289
0.001227
0.001056
0.001386
0.001315
0.001044
0.001217
0.001311
0.001213
0.001109
0.001157
0.001267
0.001136
0.001197
0.001166
0.001446
0.001260
0.001084
0.001090
0.001391
0.001322
0.001203
0.001227
0.001040
0.001338
0.001213
0.001320
0.001149
0.001377
0.001265
0.001292
0.001360
0.001163
0.001266
0.001311
0.001288
0.001158
0.001332
0.000886
0.001288
0.001324
0.001332
0.001275
0.001130
0.001199
0.001003
0.001264
0.001310
0.001182
0.001166
0.001336
0.001198
0.001136
0.001178
0.001128
0.001199
0.001436
0.001218
0.001283
0.001251
0.000895
0.001236
0.001199
0.001295
0.001299
0.001424
0.001512
0.001274
0.001274
0.001214
0.001115
0.001306
0.001458
0.001033
0.001298
0.001244
0.001162
0.001382
0.001230
0.001163
0.001075
0.001270
0.001263
0.001302
0.001229
0.001394
0.001141
0.001317
0.001216
0.001295
0.001277
0.001218
0.001167
0.001149
0.001074
0.001237
0.001182
0.001383
0.001093
0.001244
0.001107
0.001223
0.001172
0.001222
0.001456
0.001522
0.001408
0.001365
0.001320
0.001259
0.001498
0.001297
0.001458
0.001279
0.001149
0.001010
0.001384
0.001356
0.001536
0.001311
0.001099
0.001377
0.001188
0.001230
0.001142
0.001398
0.001331
0.001465
0.001091
0.001258
0.001232
0.001357
0.001357
0.001129
0.001179
0.001108
0.001285
0.001385
0.001250
0.001186
0.001484
0.001470
0.001270
0.001119
0.001157
0.001283
0.001165
0.001113
0.001488
0.001281
0.001154
0.001291
0.001162
0.001262
0.001481
0.001273
0.001129
0.001223
0.001017
0.001210
0.001413
0.001203
0.001240
0.001300
0.001097
0.001211
0.001217
0.001046
0.001233
0.001378
0.001170
0.001346
0.001337
0.001062
0.001265
0.001190
0.001378
0.001217
0.001146
0.001143
0.001127
0.001361
0.001213
0.001366
0.001197
0.001108
0.001177
0.001303
0.001461
0.001232
0.001323
0.001103
0.001224
0.001440
0.001162
0.001197
0.001302
0.001131
0.001108
0.001001
0.001277
0.001115
0.001203
0.001377
0.001193
0.001247
0.001246
0.001225
0.001223
0.001127
0.001313
0.001212
0.001433
0.001224
0.001340
0.001188
0.001360
0.001365
0.001275
0.001304
0.001219
0.001096
0.001255
0.001197
0.001314
0.001402
0.001052
0.001180
0.001269
0.001077
0.001280
0.001004
0.001422
0.001202
0.001238
0.001228
0.001215
0.001036
0.001325
0.000949
0.001121
0.001233
0.001175
0.001183
0.001359
0.001407
0.001365
0.001222
0.001101
0.001385
0.001271
0.001297
0.001360
0.001305
0.001192
0.001202
0.001084
0.001372
0.001448
0.001318
0.001219
0.001215
0.001465
0.001096
0.001421
0.001357
0.001404
0.001346
0.001167
0.000992
0.001280
0.001323
0.001224
0.001240
0.001057
0.001262
0.001304
0.001227
0.001320
0.001211
0.001455
0.001263
0.001216
0.001100
0.001110
0.001200
0.001407
0.001204
0.001376
0.001274
0.001381
0.001351
0.001099
0.001162
0.001219
0.001256
0.001384
0.001169
0.001190
0.001259
0.001267
0.001342
0.001372
0.001458
0.001026
0.001146
0.001430
0.001402
0.001096
0.001287
0.001149
0.001256
0.001418
0.001101
0.001408
0.001621
0.001147
0.001264
0.001459
0.001292
0.001244
0.001340
0.001199
0.001268
0.001176
0.001087
0.001102
0.001461
0.001110
0.001345
0.001195
0.001327
0.001403
0.001382
0.001169
0.001249
0.001322
0.001291
0.001353
0.001131
0.001140
0.001270
0.001335
0.001128
0.001391
0.001408
0.001215
0.001263
0.001307
0.001294
0.001126
0.001459
0.001122
0.001290
0.001247
0.001344
0.001058
0.001081
0.001359
0.001099
0.001145
0.001159
0.001351
0.001358
0.001132
0.001242
0.001108
0.001383
0.001140
0.001341
0.001320
0.001347
0.000997
0.001183
0.001242
0.001453
0.001010
0.001146
0.001245
0.000999
0.001161
0.001156
0.001256
0.001155
0.001174
0.001305
0.001430
0.001115
0.001277
0.001366
0.001426
0.001211
0.001315
0.001068
0.001309
0.001316
0.001286
0.001466
0.001124
0.001267
0.001295
0.001336
0.001136
0.001373
0.001159
0.001310
0.001411
0.001283
0.001202
0.001121
0.001252
0.001152
0.001041
0.001189
0.001410
0.001463
0.001281
0.001095
0.001178
0.001234
0.001248
0.001198
0.001185
0.001390
0.001262
0.001281
0.001351
0.001147
0.001301
0.001363
0.001381
0.001299
0.001339
0.001450
0.001247
0.001136
0.001035
0.000999
0.001368
0.001133
0.001145
0.001310
0.001101
0.001196
0.001254
0.001223
0.001202
0.001355
0.001235
0.001306
0.001271
0.001194
0.001291
0.001065
0.001215
0.001232
0.001099
0.001171
0.001290
0.001292
0.001102
0.001133
0.001324
0.001160
0.001357
0.001185
0.001376
0.001295
0.001350
0.001260
0.001412
0.001325
0.001084
0.001054
0.001117
0.001519
0.001048
0.001345
0.001332
0.001269
0.001229
0.001512
0.001235
0.001270
0.000975
0.001212
0.001121
0.001209
0.001210
0.001367
0.001225
0.001208
0.001211
0.001133
0.001074
0.001244
0.001328
0.001136
0.001531
0.001259
0.001226
0.001194
0.001304
0.001307
0.001369
0.001121
0.001253
0.001196
0.001171
0.001086
0.001033
0.001241
0.001212
0.001508
0.001518
0.001184
0.001242
0.001322
0.001337
0.001249
0.001344
0.001477
0.001098
0.001164
0.001094
0.001355
0.001206
0.001284
0.001376
0.001273
0.001499
0.001218
0.001639
0.001500
0.001215
0.001472
0.001446
0.001258
0.001278
0.001424
0.001306
0.001360
0.001653
0.001175
0.001355
0.001196
0.001263
0.001393
0.001399
0.001360
0.001201
0.001230
0.001237
0.001241
0.001461
0.001166
0.001356
0.001307
0.001469
0.001223
0.001300
0.001097
0.001153
0.001310
0.001277
0.001102
0.001096
0.001460
0.001277
0.001194
0.001204
0.001344
0.001094
0.001241
0.001291
0.001145
0.001346
0.001242
0.001506
0.001265
0.001320
0.001344
0.001235
0.001084
0.001375
0.001216
0.001271
0.001349
0.001119
0.001198
0.001258
0.001292
0.001185
0.001130
0.001305
0.001228
0.001415
0.001194
0.001220
0.001175
0.001105
0.001328
0.001189
0.001169
0.001165
0.001291
0.001070
0.001090
0.001171
0.001348
0.001289
0.001064
0.001338
0.001228
0.001065
0.001270
0.001282
0.001189
0.000996
0.001365
0.001321
0.001178
0.001338
0.001378
0.001127
0.001055
0.001300
0.001285
0.001326
0.001561
0.001273
0.001303
0.001222
0.001373
0.001295
0.001136
0.001307
0.001294
0.001311
0.001412
0.001024
0.001151
0.001393
0.001166
0.001240
0.001060
0.001265
0.000962
0.001039
0.001191
0.001196
0.001234
0.001233
0.001371
0.001193
0.001251
0.001230
0.001116
0.001145
0.001248
0.001188
0.001042
0.001113
0.001433
0.001124
0.001282
0.001413
0.001364
0.001078
0.001437
0.001279
0.001246
0.001140
0.001201
0.001394
0.001260
0.001159
0.001349
0.001438
0.000927
0.001449
0.001394
0.001398
0.001073
0.001338
0.001502
0.001249
0.001188
0.001196
0.001357
0.001305
0.001276
0.001373
0.001189
0.001277
0.001087
0.001274
0.001325
0.001190
0.001028
0.001183
0.001192
0.001078
0.001152
0.001290
0.001256
0.001295
0.001214
0.001223
0.001310
0.001263
0.001296
0.001283
0.001185
0.001388
0.001279
0.001260
0.001117
0.001147
0.001081
0.001322
0.001328
0.001429
0.001117
0.001523
0.001143
0.001320
0.001317
0.001158
0.001315
0.001201
0.001402
0.001205
0.001266
0.001415
0.001236
0.001161
0.001231
0.001216
0.001253
0.001143
0.001331
0.001287
0.001204
0.001296
0.001312
0.001201
0.001322
0.001274
0.001109
0.001274
0.001482
0.001284
0.001221
0.001347
0.001235
0.001242
0.001459
0.001126
0.001446
0.001029
0.001240
0.001270
0.001174
0.001166
0.001187
0.001295
0.001036
0.001203
0.001358
0.001234
0.001221
0.001289
0.001324
0.001118
0.001332
0.001323
0.001087
0.001188
0.001461
0.001172
0.001282
0.001410
0.001083
0.001219
0.001201
0.001270
0.001391
0.001005
0.001288
0.001255
0.001257
0.001177
0.001238
0.001228
0.001352
0.001264
0.001134
0.001224
0.001287
0.001289
0.001227
0.001056
0.001386
0.001315
0.001044
0.001217
0.001311
0.001213
0.001109
0.001157
0.001267
0.001136
0.001197
0.001166
0.001446
0.001260
0.001084
0.001090
0.001391
0.001322
0.001203
0.001227
0.001040
0.001338
0.001213
0.001320
0.001149
0.001377
0.001265
0.001292
0.001360
0.001163
0.001266
0.001311
0.001288
0.001158
0.001332
0.000886
0.001288
0.001324
0.001332
0.001275
0.001130
0.001199
0.001003
0.001264
0.001310
0.001182
0.001166
0.001336
0.001198
0.001136
0.001178
0.001128
0.001199
0.001436
0.001218
0.001283
0.001251
0.000895
0.001236
0.001199
0.001295
0.001299
0.001424
0.001512
0.001274
0.001274
0.001214
0.001115
0.001306
0.001458
0.001033
0.001298
0.001244
0.001162
0.001382
0.001230
0.001163
0.001075
0.001270
0.001263
0.001302
0.001229
0.001394
0.001141
0.001317
0.001216
0.001295
0.001277
0.001218
0.001167
0.001149
0.001074
0.001237
0.001182
0.001383
0.001093
0.001244
0.001107
0.001223
0.001172
0.001222
0.001456
0.001522
0.001408
0.001365
0.001320
0.001259
0.001498
0.001297
0.001458
0.001279
0.001149
0.001010
0.001384
0.001356
0.001536
0.001311
0.001099
0.001377
0.001188
0.001230
0.001142
0.001398
0.001331
0.001465
0.001091
0.001258
0.001232
0.001357
0.001357
0.001129
0.001179
0.001108
0.001285
0.001385
0.001250
0.001186
0.001484
0.001470
0.001270
0.001119
0.001157
0.001283
0.001165
0.001113
0.001488
0.001281
0.001154
0.001291
0.001162
0.001262
0.001481
0.001273
0.001129
0.001223
0.001017
0.001210
0.001413
0.001203
0.001240
0.001300
0.001097
0.001211
0.001217
0.001046
0.001233
0.001378
0.001170
0.001346
0.001337
0.001062
0.001265
0.001190
0.001378
0.001217
0.001146
0.001143
0.001127
0.001361
0.001213
0.001366
0.001197
0.001108
0.001177
0.001303
0.001461
0.001232
0.001323
0.001103
0.001224
0.001440
0.001162
0.001197
0.001302
0.001131
0.001108
0.001001
0.001277
0.001115
0.001203
0.001377
0.001193
0.001247
0.001246
0.001225
0.001223
0.001127
0.001313
0.001212
0.001433
0.001224
0.001340
0.001188
0.001360
0.001365
0.001275
0.001304
0.001219
0.001096
0.001255
0.001197
0.001314
0.001402
0.001052
0.001180
0.001269
0.001077
0.001280
0.001004
0.001422
0.001202
0.001238
0.001228
0.001215
0.001036
0.001325
0.000949
0.001121
0.001233
0.001175
0.001183
0.001359
0.001407
0.001365
0.001222
0.001101
0.001385
0.001271
0.001297
0.001360
0.001305
0.001192
0.001202
0.001084
0.001372
0.001448
0.001318
0.001219
0.001215
0.001465
0.001096
0.001421
0.001357
0.001404
0.001346
0.001167
0.000992
0.001280
0.001323
0.001224
0.001240
0.001057
0.001262
0.001304
0.001227
0.001320
0.001211
0.001455
0.001263
0.001216
0.001100
0.001110
0.001200
0.001407
0.001204
0.001376
0.001274
0.001381
0.001351
0.001099
0.001162
0.001219
0.001256
0.001384
0.001169
0.001190
0.001259
0.001267
0.001342
0.001372
0.001458
0.001026
0.001146
0.001430
0.001402
0.001096
0.001287
0.001149
0.001256
0.001418
0.001101
0.001408
0.001621
0.001147
0.001264
0.001459
0.001292
0.001244
0.001340
0.001199
0.001268
0.001176
0.001087
0.001102
0.001461
0.001110
0.001345
0.001195
0.001327
0.001403
0.001382
0.001169
0.001249
0.001322
0.001291
0.001353
0.001131
0.001140
0.001270
0.001335
0.001128
0.001391
0.001408
0.001215
0.001263
0.001307
0.001294
0.001126
0.001459
0.001122
0.001290
0.001247
0.001344
0.001058
0.001081
0.001359
0.001099
0.001145
0.001159
0.001351
0.001358
0.001132
0.001242
0.001108
0.001383
0.001140
0.001341
0.001320
0.001347
0.000997
0.001183
0.001242
0.001453
0.001010
0.001146
0.001245
0.000999
0.001161
0.001156
0.001256
0.001155
0.001174
0.001305
0.001430
0.001115
0.001277
0.001366
0.001426
0.001211
0.001315
0.001068
0.001309
0.001316
0.001286
0.001466
0.001124
0.001267
0.001295
0.001336
0.001136
0.001373
0.001159
0.001310
0.001411
0.001283
0.001202
0.001121
0.001252
0.001152
0.001041
0.001189
0.001410
0.001463
0.001281
0.001095
0.001178
0.001234
0.001248
0.001198
0.001185
0.001390
0.001262
0.001281
0.001351
0.001147
0.001301
0.001363
0.001381
0.001299
0.001339
0.001450
0.001247
0.001136
0.001035
0.000999
0.001368
0.001133
0.001145
0.001310
0.001101
0.001196
0.001254
0.001223
0.001202
0.001355
0.001235
0.001306
0.001271
0.001194
0.001291
0.001065
0.001215
0.001232
0.001099
0.001171
0.001290
0.001292
0.001102
0.001133
0.001324
0.001160
0.001357
0.001185
0.001376
0.001295
0.001350
0.001260
0.001412
0.001325
0.001084
0.001054
0.001117
0.001519
0.001048
0.001345
0.001332
0.001269
0.001229
0.001512
0.001235
0.001270
0.000975
0.001212
0.001121
0.001209
0.001210
0.001367
0.001225
0.001208
0.001211
0.001133
0.001074
0.001244
0.001328
0.001136
0.001531
0.001259
0.001226
0.001194
0.001304
0.001307
0.001369
0.001121
0.001253
0.001196
0.001171
0.001086
0.001033
0.001241
0.001212
0.001508
0.001518
0.001184
0.001242
0.001322
0.001337
0.001249
0.001344
0.001477
0.001098
0.001164
0.001094
0.001355
0.001206
0.001284
0.001376
0.001273
0.001499
0.001218
0.001639
0.001500
0.001215
0.001472
0.001446
0.001258
0.001278
0.001424
0.001306
0.001360
0.001653
0.001175
0.001355
0.001196
0.001263
0.001393
0.001399
0.001360
0.001201
0.001230
0.001237
0.001241
0.001461
0.001166
0.001356
0.001307
0.001469
0.001223
0.001300
0.001097
0.001153
0.001310
0.001277
0.001102
0.001096
0.001460
0.001277
0.001194
0.001204
0.001344
0.001094
0.001241
0.001291
0.001145
0.001346
0.001242
0.001506
0.001265
0.001320
0.001344
0.001235
0.001084
0.001375
0.001216
0.001271
0.001349
0.001119
0.001198
0.001258
0.001292
0.001185
0.001130
0.001305
0.001228
0.001415
0.001194
0.001220
0.001175
0.001105
0.001328
0.001189
0.001169
0.001165
0.001291
0.001070
0.001090
0.001171
0.001348
0.001289
0.001064
0.001338
0.001228
0.001065
0.001270
0.001282
0.001189
0.000996
0.001365
0.001321
0.001178
0.001338
0.001378
0.001127
0.001055
0.001300
0.001285
0.001326
0.001561
0.001273
0.001303
0.001222
0.001373
0.001295
0.001136
0.001307
0.001294
0.001311
0.001412
0.001024
0.001151
0.001393
0.001166
0.001240
0.001060
0.001265
0.000962
0.001039
0.001191
0.001196
0.001234
0.001233
0.001371
0.001193
0.001251
0.001230
0.001116
0.001145
0.001248
0.001188
0.001042
0.001113
0.001433
0.001124
0.001282
0.001413
0.001364
0.001078
0.001437
0.001279
0.001246
0.001140
0.001201
0.001394
0.001260
0.001159
0.001349
0.001438
0.000927
0.001449
0.001394
0.001398
0.001073
0.001338
0.001502
0.001249
0.001188
0.001196
0.001357
0.001305
0.001276
0.001373
0.001189
0.001277
0.001087
0.001274
0.001325
0.001190
0.001028
0.001183
0.001192
0.001078
0.001152
0.001290
0.001256
0.001295
0.001214
0.001223
0.001310
0.001263
0.001296
0.001283
0.001185
0.001388
0.001279
0.001260
0.001117
0.001147
0.001081
0.001322
0.001328
0.001429
0.001117
0.001523
0.001143
0.001320
0.001317
0.001158
0.001315
0.001201
0.001402
0.001205
0.001266
0.001415
0.001236
0.001161
0.001231
0.001216
0.001253
0.001143
0.001331
0.001287
0.001204
0.001296
0.001312
0.001201
0.001322
0.001274
0.001109
0.001274
0.001482
0.001284
0.001221
0.001347
0.001235
0.001242
0.001459
0.001126
0.001446
0.001029
0.001240
0.001270
0.001174
0.001166
0.001187
0.001295
0.001036
0.001203
0.001358
0.001234
0.001221
0.001289
0.001324
0.001118
0.001332
0.001323
0.001087
0.001188
0.001461
0.001172
0.001282
0.001410
0.001083
0.001219
0.001201
0.001270
0.001391
0.001005
0.001288
0.001255
0.001257
0.001177
0.001238
0.001228
0.001352
0.001264
0.001134
0.001224
0.001287
0.001289
0.001227
0.001056
0.001386
0.001315
0.001044
0.001217
0.001311
0.001213
0.001109
0.001157
0.001267
0.001136
0.001197
0.001166
0.001446
0.001260
0.001084
0.001090
0.001391
0.001322
0.001203
0.001227
0.001040
0.001338
0.001213
0.001320
0.001149
0.001377
0.001265
0.001292
0.001360
0.001163
0.001266
0.001311
0.001288
0.001158
0.001332
0.000886
0.001288
0.001324
0.001332
0.001275
0.001130
0.001199
0.001003
0.001264
0.001310
0.001182
0.001166
0.001336
0.001198
0.001136
0.001178
0.001128
0.001199
0.001436
0.001218
0.001283
0.001251
0.000895
0.001236
0.001199
0.001295
0.001299
0.001424
0.001512
0.001274
0.001274
0.001214
0.001115
0.001306
0.001458
0.001033
0.001298
0.001244
0.001162
0.001382
0.001230
0.001163
0.001075
0.001270
0.001263
0.001302
0.001229
0.001394
0.001141
0.001317
0.001216
0.001295
0.001277
0.001218
0.001167
0.001149
0.001074
0.001237
0.001182
0.001383
0.001093
0.001244
0.001107
0.001223
0.001172
0.001222
0.001456
0.001522
0.001408
0.001365
0.001320
0.001259
0.001498
0.001297
0.001458
0.001279
0.001149
0.001010
0.001384
0.001356
0.001536
0.001311
0.001099
0.001377
0.001188
0.001230
0.001142
0.001398
0.001331
0.001465
0.001091
0.001258
0.001232
0.001357
0.001357
0.001129
0.001179
0.001108
0.001285
0.001385
0.001250
0.001186
0.001484
0.001470
0.001270
0.001119
0.001157
0.001283
0.001165
0.001113
0.001488
0.001281
0.001154
0.001291
0.001162
0.001262
0.001481
0.001273
0.001129
0.001223
0.001017
0.001210
0.001413
0.001203
0.001240
0.001300
0.001097
0.001211
0.001217
0.001046
0.001233
0.001378
0.001170
0.001346
0.001337
0.001062
0.001265
0.001190
0.001378
0.001217
0.001146
0.001143
0.001127
0.001361
0.001213
0.001366
0.001197
0.001108
0.001177
0.001303
0.001461
0.001232
0.001323
0.001103
0.001224
0.001440
0.001162
0.001197
0.001302
0.001131
0.001108
0.001001
0.001277
0.001115
0.001203
0.001377
0.001193
0.001247
0.001246
0.001225
0.001223
0.001127
0.001313
0.001212
0.001433
0.001224
0.001340
0.001188
0.001360
0.001365
0.001275
0.001304
0.001219
0.001096
0.001255
0.001197
0.001314
0.001402
0.001052
0.001180
0.001269
0.001077
0.001280
0.001004
0.001422
0.001202
0.001238
0.001228
0.001215
0.001036
0.001325
0.000949
0.001121
0.001233
0.001175
0.001183
0.001359
0.001407
0.001365
0.001222
0.001101
0.001385
0.001271
0.001297
0.001360
0.001305
0.001192
0.001202
0.001084
0.001372
0.001448
0.001318
0.001219
0.001215
0.001465
0.001096
0.001421
0.001357
0.001404
0.001346
0.001167
0.000992
0.001280
0.001323
0.001224
0.001240
0.001057
0.001262
0.001304
0.001227
0.001320
0.001211
0.001455
0.001263
0.001216
0.001100
0.001110
0.001200
0.001407
0.001204
0.001376
0.001274
0.001381
0.001351
0.001099
0.001162
0.001219
0.001256
0.001384
0.001169
0.001190
0.001259
0.001267
0.001342
0.001372
0.001458
0.001026
0.001146
0.001430
0.001402
0.001096
0.001287
0.001149
0.001256
0.001418
0.001101
0.001408
0.001621
0.001147
0.001264
0.001459
0.001292
0.001244
0.001340
0.001199
0.001268
0.001176
0.001087
0.001102
0.001461
0.001110
0.001345
0.001195
0.001327
0.001403
0.001382
0.001169
0.001249
0.001322
0.001291
0.001353
0.001131
0.001140
0.001270
0.001335
0.001128
0.001391
0.001408
0.001215
0.001263
0.001307
0.001294
0.001126
0.001459
0.001122
0.001290
0.001247
0.001344
0.001058
0.001081
0.001359
0.001099
0.001145
0.001159
0.001351
0.001358
0.001132
0.001242
0.001108
0.001383
0.001140
0.001341
0.001320
0.001347
0.000997
0.001183
0.001242
0.001453
0.001010
0.001146
0.001245
0.000999
0.001161
0.001156
0.001256
0.001155
0.001174
0.001305
0.001430
0.001115
0.001277
0.001366
0.001426
0.001211
0.001315
0.001068
0.001309
0.001316
0.001286
0.001466
0.001124
0.001267
0.001295
0.001336
0.001136
0.001373
0.001159
0.001310
0.001411
0.001283
0.001202
0.001121
0.001252
0.001152
0.001041
0.001189
0.001410
0.001463
0.001281
0.001095
0.001178
0.001234
0.001248
0.001198
0.001185
0.001390
0.001262
0.001281
0.001351
0.001147
0.001301
0.001363
0.001381
0.001299
0.001339
0.001450
0.001247
0.001136
0.001035
0.000999
0.001368
0.001133
0.001145
0.001310
0.001101
0.001196
0.001254
0.001223
0.001202
0.001355
0.001235
0.001306
0.001271
0.001194
0.001291
0.001065
0.001215
0.001232
0.001099
0.001171
0.001290
0.001292
0.001102
0.001133
0.001324
0.001160
0.001357
0.001185
0.001376
0.001295
0.001350
0.001260
0.001412
0.001325
0.001084
0.001054
0.001117
0.001519
0.001048
0.001345
0.001332
0.001269
0.001229
0.001512
0.001235
0.001270
0.000975
0.001212
0.001121
0.001209
0.001210
0.001367
0.001225
0.001208
0.001211
0.001133
0.001074
0.001244
0.001328
0.001136
0.001531
0.001259
0.001226
0.001194
0.001304
0.001307
0.001369
0.001121
0.001253
0.001196
0.001171
0.001086
0.001033
0.001241
0.001212
0.001508
0.001518
0.001184
0.001242
0.001322
0.001337
0.001249
0.001344
0.001477
0.001098
0.001164
0.001094
0.001355
0.001206
0.001284
0.001376
0.001273
0.001499
0.001218
0.001639
0.001500
0.001215
0.001472
0.001446
0.001258
0.001278
0.001424
0.001306
0.001360
0.001653
0.001175
0.001355
0.001196
0.001263
0.001393
0.001399
0.001360
0.001201
0.001230
0.001237
0.001241
0.001461
0.001166
0.001356
0.001307
0.001469
0.001223
0.001300
0.001097
0.001153
0.001310
0.001277
0.001102
0.001096
0.001460
0.001277
0.001194
0.001204
0.001344
0.001094
0.001241
0.001291
0.001145
0.001346
0.001242
0.001506
0.001265
0.001320
0.001344
0.001235
0.001084
0.001375
0.001216
0.001271
0.001349
0.001119
0.001198
0.001258
0.001292
0.001185
0.001130
0.001305
0.001228
0.001415
0.001194
0.001220
0.001175
0.001105
0.001328
0.001189
0.001169
0.001165
0.001291
0.001070
0.001090
0.001171
0.001348
0.001289
0.001064
0.001338
0.001228
0.001065
0.001270
0.001282
0.001189
0.000996
0.001365
0.001321
0.001178
0.001338
0.001378
0.001127
0.001055
0.001300
0.001285
0.001326
0.001561
0.001273
0.001303
0.001222
0.001373
0.001295
0.001136
0.001307
0.001294
0.001311
0.001412
0.001024
0.001151
0.001393
0.001166
0.001240
0.001060
0.001265
0.000962
0.001039
0.001191
0.001196
0.001234
0.001233
0.001371
0.001193
0.001251
0.001230
0.001116
0.001145
0.001248
0.001188
0.001042
0.001113
0.001433
0.001124
0.001282
0.001413
0.001364
0.001078
0.001437
0.001279
0.001246
0.001140
0.001201
0.001394
0.001260
0.001159
0.001349
0.001438
0.000927
0.001449
0.001394
0.001398
0.001073
0.001338
0.001502
0.001249
0.001188
0.001196
0.001357
0.001305
0.001276
0.001373
0.001189
0.001277
0.001087
0.001274
0.001325
0.001190
0.001028
0.001183
0.001192
0.001078
0.001152
0.001290
0.001256
0.001295
0.001214
0.001223
0.001310
0.001263
0.001296
0.001283
0.001185
0.001388
0.001279
0.001260
0.001117
0.001147
0.001081
0.001322
0.001328
0.001429
0.001117
0.001523
0.001143
0.001320
0.001317
0.001158
0.001315
0.001201
0.001402
0.001205
0.001266
0.001415
0.001236
0.001161
0.001231
0.001216
0.001253
0.001143
0.001331
0.001287
0.001204
0.001296
0.001312
0.001201
0.001322
0.001274
0.001109
0.001274
0.001482
0.001284
0.001221
0.001347
0.001235
0.001242
0.001459
0.001126
0.001446
0.001029
0.001240
0.001270
0.001174
0.001166
0.001187
0.001295
0.001036
0.001203
0.001358
0.001234
0.001221
0.001289
0.001324
0.001118
0.001332
0.001323
0.001087
0.001188
0.001461
0.001172
0.001282
0.001410
0.001083
0.001219
0.001201
0.001270
0.001391
0.001005
0.001288
0.001255
0.001257
0.001177
0.001238
0.001228
0.001352
0.001264
0.001134
0.001224
0.001287
0.001289
0.001227
0.001056
0.001386
0.001315
0.001044
0.001217
0.001311
0.001213
0.001109
0.001157
0.001267
0.001136
0.001197
0.001166
0.001446
0.001260
0.001084
0.001090
0.001391
0.001322
0.001203
0.001227
0.001040
0.001338
0.001213
0.001320
0.001149
0.001377
0.001265
0.001292
0.001360
0.001163
0.001266
0.001311
0.001288
0.001158
0.001332
0.000886
0.001288
0.001324
0.001332
0.001275
0.001130
0.001199
0.001003
0.001264
0.001310
0.001182
0.001166
0.001336
0.001198
0.001136
0.001178
0.001128
0.001199
0.001436
0.001218
0.001283
0.001251
0.000895
0.001236
0.001199
0.001295
0.001299
0.001424
0.001512
0.001274
0.001274
0.001214
0.001115
0.001306
0.001458
0.001033
0.001298
0.001244
0.001162
0.001382
0.001230
0.001163
0.001075
0.001270
0.001263
0.001302
0.001229
0.001394
0.001141
0.001317
0.001216
0.001295
0.001277
0.001218
0.001167
0.001149
0.001074
0.001237
0.001182
0.001383
0.001093
0.001244
0.001107
0.001223
0.001172
0.001222
0.001456
0.001522
0.001408
0.001365
0.001320
0.001259
0.001498
0.001297
0.001458
0.001279
0.001149
0.001010
0.001384
0.001356
0.001536
0.001311
0.001099
0.001377
0.001188
0.001230
0.001142
0.001398
0.001331
0.001465
0.001091
0.001258
0.001232
0.001357
0.001357
0.001129
0.001179
0.001108
0.001285
0.001385
0.001250
0.001186
0.001484
0.001470
0.001270
0.001119
0.001157
0.001283
0.001165
0.001113
0.001488
0.001281
0.001154
0.001291
0.001162
0.001262
0.001481
0.001273
0.001129
0.001223
0.001017
0.001210
0.001413
0.001203
0.001240
0.001300
0.001097
0.001211
0.001217
0.001046
0.001233
0.001378
0.001170
0.001346
0.001337
0.001062
0.001265
0.001190
0.001378
0.001217
0.001146
0.001143
0.001127
0.001361
0.001213
0.001366
0.001197
0.001108
0.001177
0.001303
0.001461
0.001232
0.001323
0.001103
0.001224
0.001440
0.001162
0.001197
0.001302
0.001131
0.001108
0.001001
0.001277
0.001115
0.001203
0.001377
0.001193
0.001247
0.001246
0.001225
0.001223
0.001127
0.001313
0.001212
0.001433
0.001224
0.001340
0.001188
0.001360
0.001365
0.001275
0.001304
0.001219
0.001096
0.001255
0.001197
0.001314
0.001402
0.001052
0.001180
0.001269
0.001077
0.001280
0.001004
0.001422
0.001202
0.001238
0.001228
0.001215
0.001036
0.001325
0.000949
0.001121
0.001233
0.001175
0.001183
0.001359
0.001407
0.001365
0.001222
0.001101
0.001385
0.001271
0.001297
0.001360
0.001305
0.001192
0.001202
0.001084
0.001372
0.001448
0.001318
0.001219
0.001215
0.001465
0.001096
0.001421
0.001357
0.001404
0.001346
0.001167
0.000992
0.001280
0.001323
0.001224
0.001240
0.001057
0.001262
0.001304
0.001227
0.001320
0.001211
0.001455
0.001263
0.001216
0.001100
0.001110
0.001200
0.001407
0.001204
0.001376
0.001274
0.001381
0.001351
0.001099
0.001162
0.001219
0.001256
0.001384
0.001169
0.001190
0.001259
0.001267
0.001342
0.001372
0.001458
0.001026
0.001146
0.001430
0.001402
0.001096
0.001287
0.001149
0.001256
0.001418
0.001101
0.001408
0.001621
0.001147
0.001264
0.001459
0.001292
0.001244
0.001340
0.001199
0.001268
0.001176
0.001087
0.001102
0.001461
0.001110
0.001345
0.001195
0.001327
0.001403
0.001382
0.001169
0.001249
0.001322
0.001291
0.001353
0.001131
0.001140
0.001270
0.001335
0.001128
0.001391
0.001408
0.001215
0.001263
0.001307
0.001294
0.001126
0.001459
0.001122
0.001290
0.001247
0.001344
0.001058
0.001081
0.001359
0.001099
0.001145
0.001159
0.001351
0.001358
0.001132
0.001242
0.001108
0.001383
0.001140
0.001341
0.001320
0.001347
0.000997
0.001183
0.001242
0.001453
0.001010
0.001146
0.001245
0.000999
0.001161
0.001156
0.001256
0.001155
0.001174
0.001305
0.001430
0.001115
0.001277
0.001366
0.001426
0.001211
0.001315
0.001068
0.001309
0.001316
0.001286
0.001466
0.001124
0.001267
0.001295
0.001336
0.001136
0.001373
0.001159
0.001310
0.001411
0.001283
0.001202
0.001121
0.001252
0.001152
0.001041
0.001189
0.001410
0.001463
0.001281
0.001095
0.001178
0.001234
0.001248
0.001198
0.001185
0.001390
0.001262
0.001281
0.001351
0.001147
0.001301
0.001363
0.001381
0.001299
0.001339
0.001450
0.001247
0.001136
0.001035
0.000999
0.001368
0.001133
0.001145
0.001310
0.001101
0.001196
0.001254
0.001223
0.001202
0.001355
0.001235
0.001306
0.001271
0.001194
0.001291
0.001065
0.001215
0.001232
0.001099
0.001171
0.001290
0.001292
0.001102
0.001133
0.001324
0.001160
0.001357
0.001185
0.001376
0.001295
0.001350
0.001260
0.001412
0.001325
0.001084
0.001054
0.001117
0.001519
0.001048
0.001345
0.001332
0.001269
0.001229
0.001512
0.001235
0.001270
0.000975
0.001212
0.001121
0.001209
0.001210
0.001367
0.001225
0.001208
0.001211
0.001133
0.001074
0.001244
0.001328
0.001136
0.001531
0.001259
0.001226
0.001194
0.001304
0.001307
0.001369
0.001121
0.001253
0.001196
0.001171
0.001086
0.001033
0.001241
0.001212
0.001508
0.001518
0.001184
0.001242
0.001322
0.001337
0.001249
0.001344
0.001477
0.001098
0.001164
0.001094
0.001355
0.001206
0.001284
0.001376
0.001273
0.001499
0.001218
0.001639
0.001500
0.001215
0.001472
0.001446
0.001258
0.001278
0.001424
0.001306
0.001360
0.001653
0.001175
0.001355
0.001196
0.001263
0.001393
0.001399
0.001360
0.001201
0.001230
0.001237
0.001241
0.001461
0.001166
0.001356
0.001307
0.001469
0.001223
0.001300
0.001097
0.001153
0.001310
0.001277
0.001102
0.001096
0.001460
0.001277
0.001194
0.001204
0.001344
0.001094
0.001241
0.001291
0.001145
0.001346
0.001242
0.001506
0.001265
0.001320
0.001344
0.001235
0.001084
0.001375
0.001216
0.001271
0.001349
0.001119
0.001198
0.001258
0.001292
0.001185
0.001130
0.001305
0.001228
0.001415
0.001194
0.001220
0.001175
0.001105
0.001328
0.001189
0.001169
0.001165
0.001291
0.001070
0.001090
0.001171
0.001348
0.001289
0.001064
0.001338
0.001228
0.001065
0.001270
0.001282
0.001189
0.000996
0.001365
0.001321
0.001178
0.001338
0.001378
0.001127
0.001055
0.001300
0.001285
0.001326
0.001561
0.001273
0.001303
0.001222
0.001373
0.001295
0.001136
0.001307
0.001294
0.001311
0.001412
0.001024
0.001151
0.001393
0.001166
0.001240
0.001060
0.001265
0.000962
0.001039
0.001191
0.001196
0.001234
0.001233
0.001371
0.001193
0.001251
0.001230
0.001116
0.001145
0.001248
0.001188
0.001042
0.001113
0.001433
0.001124
0.001282
0.001413
0.001364
0.001078
0.001437
0.001279
0.001246
0.001140
0.001201
0.001394
0.001260
0.001159
0.001349
0.001438
0.000927
0.001449
0.001394
0.001398
0.001073
0.001338
0.001502
0.001249
0.001188
0.001196
0.001357
0.001305
0.001276
0.001373
0.001189
0.001277
0.001087
0.001274
0.001325
0.001190
0.001028
0.001183
0.001192
0.001078
0.001152
0.001290
0.001256
0.001295
0.001214
0.001223
0.001310
0.001263
0.001296
0.001283
0.001185
0.001388
0.001279
0.001260
0.001117
0.001147
0.001081
0.001322
0.001328
0.001429
0.001117
0.001523
0.001143
0.001320
0.001317
0.001158
0.001315
0.001201
0.001402
0.001205
0.001266
0.001415
0.001236
0.001161
0.001231
0.001216
0.001253
0.001143
0.001331
0.001287
0.001204
0.001296
0.001312
0.001201
0.001322
0.001274
0.001109
0.001274
0.001482
0.001284
0.001221
0.001347
0.001235
0.001242
0.001459
0.001126
0.001446
0.001029
0.001240
0.001270
0.001174
0.001166
0.001187
0.001295
0.001036
0.001203
0.001358
0.001234
0.001221
0.001289
0.001324
0.001118
0.001332
0.001323
0.001087
0.001188
0.001461
0.001172
0.001282
0.001410
0.001083
0.001219
0.001201
0.001270
0.001391
0.001005
0.001288
0.001255
0.001257
0.001177
0.001238
0.001228
0.001352
0.001264
0.001134
0.001224
0.001287
0.001289
0.001227
0.001056
0.001386
0.001315
0.001044
0.001217
0.001311
0.001213
0.001109
0.001157
0.001267
0.001136
0.001197
0.001166
0.001446
0.001260
0.001084
0.001090
0.001391
0.001322
0.001203
0.001227
0.001040
0.001338
0.001213
0.001320
0.001149
0.001377
0.001265
0.001292
0.001360
0.001163
0.001266
0.001311
0.001288
0.001158
0.001332
0.000886
0.001288
0.001324
0.001332
0.001275
0.001130
0.001199
0.001003
0.001264
0.001310
0.001182
0.001166
0.001336
0.001198
0.001136
0.001178
0.001128
0.001199
0.001436
0.001218
0.001283
0.001251
0.000895
0.001236
0.001199
0.001295
0.001299
0.001424
0.001512
0.001274
0.001274
0.001214
0.001115
0.001306
0.001458
0.001033
0.001298
0.001244
0.001162
0.001382
0.001230
0.001163
0.001075
0.001270
0.001263
0.001302
0.001229
0.001394
0.001141
0.001317
0.001216
0.001295
0.001277
0.001218
0.001167
0.001149
0.001074
0.001237
0.001182
0.001383
0.001093
0.001244
0.001107
0.001223
0.001172
0.001222
0.001456
0.001522
0.001408
0.001365
0.001320
0.001259
0.001498
0.001297
0.001458
0.001279
0.001149
0.001010
0.001384
0.001356
0.001536
0.001311
0.001099
0.001377
0.001188
0.001230
0.001142
0.001398
0.001331
0.001465
0.001091
0.001258
0.001232
0.001357
0.001357
0.001129
0.001179
0.001108
0.001285
0.001385
0.001250
0.001186
0.001484
0.001470
0.001270
0.001119
0.001157
0.001283
0.001165
0.001113
0.001488
0.001281
0.001154
0.001291
0.001162
0.001262
0.001481
0.001273
0.001129
0.001223
0.001017
0.001210
0.001413
0.001203
0.001240
0.001300
0.001097
0.001211
0.001217
0.001046
0.001233
0.001378
0.001170
0.001346
0.001337
0.001062
0.001265
0.001190
0.001378
0.001217
0.001146
0.001143
0.001127
0.001361
0.001213
0.001366
0.001197
0.001108
0.001177
0.001303
0.001461
0.001232
0.001323
0.001103
0.001224
0.001440
0.001162
0.001197
0.001302
0.001131
0.001108
0.001001
0.001277
0.001115
0.001203
0.001377
0.001193
0.001247
0.001246
0.001225
0.001223
0.001127
0.001313
0.001212
0.001433
0.001224
0.001340
0.001188
0.001360
0.001365
0.001275
0.001304
0.001219
0.001096
0.001255
0.001197
0.001314
0.001402
0.001052
0.001180
0.001269
0.001077
0.001280
0.001004
0.001422
0.001202
0.001238
0.001228
0.001215
0.001036
0.001325
0.000949
0.001121
0.001233
0.001175
0.001183
0.001359
0.001407
0.001365
0.001222
0.001101
0.001385
0.001271
0.001297
0.001360
0.001305
0.001192
0.001202
0.001084
0.001372
0.001448
0.001318
0.001219
0.001215
0.001465
0.001096
0.001421
0.001357
0.001404
0.001346
0.001167
0.000992
0.001280
0.001323
0.001224
0.001240
0.001057
0.001262
0.001304
0.001227
0.001320
0.001211
0.001455
0.001263
0.001216
0.001100
0.001110
0.001200
0.001407
0.001204
0.001376
0.001274
0.001381
0.001351
0.001099
0.001162
0.001219
0.001256
0.001384
0.001169
0.001190
0.001259
0.001267
0.001342
0.001372
0.001458
0.001026
0.001146
0.001430
0.001402
0.001096
0.001287
0.001149
0.001256
0.001418
0.001101
0.001408
0.001621
0.001147
0.001264
0.001459
0.001292
0.001244
0.001340
0.001199
0.001268
0.001176
0.001087
0.001102
0.001461
0.001110
0.001345
0.001195
0.001327
0.001403
0.001382
0.001169
0.001249
0.001322
0.001291
0.001353
0.001131
0.001140
0.001270
0.001335
0.001128
0.001391
0.001408
0.001215
0.001263
0.001307
0.001294
0.001126
0.001459
0.001122
0.001290
0.001247
0.001344
0.001058
0.001081
0.001359
0.001099
0.001145
0.001159
0.001351
0.001358
0.001132
0.001242
0.001108
0.001383
0.001140
0.001341
0.001320
0.001347
0.000997
0.001183
0.001242
0.001453
0.001010
0.001146
0.001245
0.000999
0.001161
0.001156
0.001256
0.001155
0.001174
0.001305
0.001430
0.001115
0.001277
0.001366
0.001426
0.001211
0.001315
0.001068
0.001309
0.001316
0.001286
0.001466
0.001124
0.001267
0.001295
0.001336
0.001136
0.001373
0.001159
0.001310
0.001411
0.001283
0.001202
0.001121
0.001252
0.001152
0.001041
0.001189
0.001410
0.001463
0.001281
0.001095
0.001178
0.001234
0.001248
0.001198
0.001185
0.001390
0.001262
0.001281
0.001351
0.001147
0.001301
0.001363
0.001381
0.001299
0.001339
0.001450
0.001247
0.001136
0.001035
0.000999
0.001368
0.001133
0.001145
0.001310
0.001101
0.001196
0.001254
0.001223
0.001202
0.001355
0.001235
0.001306
0.001271
0.001194
0.001291
0.001065
0.001215
0.001232
0.001099
0.001171
0.001290
0.001292
0.001102
0.001133
0.001324
0.001160
0.001357
0.001185
0.001376
0.001295
0.001350
0.001260
0.001412
0.001325
0.001084
0.001054
0.001117
0.001519
0.001048
0.001345
0.001332
0.001269
0.001229
0.001512
0.001235
0.001270
0.000975
0.001212
0.001121
0.001209
0.001210
0.001367
0.001225
0.001208
0.001211
0.001133
0.001074
0.001244
0.001328
0.001136
0.001531
0.001259
0.001226
0.001194
0.001304
0.001307
0.001369
0.001121
0.001253
0.001196
0.001171
0.001086
0.001033
0.001241
0.001212
0.001508
0.001518
0.001184
0.001242
0.001322
0.001337
0.001249
0.001344
0.001477
0.001098
0.001164
0.001094
0.001355
0.001206
0.001284
0.001376
0.001273
0.001499
0.001218
0.001639
0.001500
0.001215
0.001472
0.001446
0.001258
0.001278
0.001424
0.001306
0.001360
0.001653
0.001175
0.001355
0.001196
0.001263
0.001393
0.001399
0.001360
0.001201
0.001230
0.001237
0.001241
0.001461
0.001166
0.001356
0.001307
0.001469
0.001223
0.001300
0.001097
0.001153
0.001310
0.001277
0.001102
0.001096
0.001460
0.001277
0.001194
0.001204
0.001344
0.001094
0.001241
0.001291
0.001145
0.001346
0.001242
0.001506
0.001265
0.001320
0.001344
0.001235
0.001084
0.001375
0.001216
0.001271
0.001349
0.001119
0.001198
0.001258
0.001292
0.001185
0.001130
0.001305
0.001228
0.001415
0.001194
0.001220
0.001175
0.001105
0.001328
0.001189
0.001169
0.001165
0.001291
0.001070
0.001090
0.001171
0.001348
0.001289
0.001064
0.001338
0.001228
0.001065
0.001270
0.001282
0.001189
0.000996
0.001365
0.001321
0.001178
0.001338
0.001378
0.001127
0.001055
0.001300
0.001285
0.001326
0.001561
0.001273
0.001303
0.001222
0.001373
0.001295
0.001136
0.001307
0.001294
0.001311
0.001412
0.001024
0.001151
0.001393
0.001166
0.001240
0.001060
0.001265
0.000962
0.001039
0.001191
0.001196
0.001234
0.001233
0.001371
0.001193
0.001251
0.001230
0.001116
0.001145
0.001248
0.001188
0.001042
0.001113
0.001433
0.001124
0.001282
0.001413
0.001364
0.001078
0.001437
0.001279
0.001246
0.001140
0.001201
0.001394
0.001260
0.001159
0.001349
0.001438
0.000927
0.001449
0.001394
0.001398
0.001073
0.001338
0.001502
0.001249
0.001188
0.001196
0.001357
0.001305
0.001276
0.001373
0.001189
0.001277
0.001087
0.001274
0.001325
0.001190
0.001028
0.001183
0.001192
0.001078
0.001152
0.001290
0.001256
0.001295
0.001214
0.001223
0.001310
0.001263
0.001296
0.001283
0.001185
0.001388
0.001279
0.001260
0.001117
0.001147
0.001081
0.001322
0.001328
0.001429
0.001117
0.001523
0.001143
0.001320
0.001317
0.001158
0.001315
0.001201
0.001402
0.001205
0.001266
0.001415
0.001236
0.001161
0.001231
0.001216
0.001253
0.001143
0.001331
0.001287
0.001204
0.001296
0.001312
0.001201
0.001322
0.001274
0.001109
0.001274
0.001482
0.001284
0.001221
0.001347
0.001235
0.001242
0.001459
0.001126
0.001446
0.001029
0.001240
0.001270
0.001174
0.001166
0.001187
0.001295
0.001036
0.001203
0.001358
0.001234
0.001221
0.001289
0.001324
0.001118
0.001332
0.001323
0.001087
0.001188
0.001461
0.001172
0.001282
0.001410
0.001083
0.001219
0.001201
0.001270
0.001391
0.001005
0.001288
0.001255
0.001257
0.001177
0.001238
0.001228
0.001352
0.001264
0.001134
0.001224
0.001287
0.001289
0.001227
0.001056
0.001386
0.001315
0.001044
0.001217
0.001311
0.001213
0.001109
0.001157
0.001267
0.001136
0.001197
0.001166
0.001446
0.001260
0.001084
0.001090
0.001391
0.001322
0.001203
0.001227
0.001040
0.001338
0.001213
0.001320
0.001149
0.001377
0.001265
0.001292
0.001360
0.001163
0.001266
0.001311
0.001288
0.001158
0.001332
0.000886
0.001288
0.001324
0.001332
0.001275
0.001130
0.001199
0.001003
0.001264
0.001310
0.001182
0.001166
0.001336
0.001198
0.001136
0.001178
0.001128
0.001199
0.001436
0.001218
0.001283
0.001251
0.000895
0.001236
0.001199
0.001295
0.001299
0.001424
0.001512
0.001274
0.001274
0.001214
0.001115
0.001306
0.001458
0.001033
0.001298
0.001244
0.001162
0.001382
0.001230
0.001163
0.001075
0.001270
0.001263
0.001302
0.001229
0.001394
0.001141
0.001317
0.001216
0.001295
0.001277
0.001218
0.001167
0.001149
0.001074
0.001237
0.001182
0.001383
0.001093
0.001244
0.001107
0.001223
0.001172
0.001222
0.001456
0.001522
0.001408
0.001365
0.001320
0.001259
0.001498
0.001297
0.001458
0.001279
0.001149
0.001010
0.001384
0.001356
0.001536
0.001311
0.001099
0.001377
0.001188
0.001230
0.001142
0.001398
0.001331
0.001465
0.001091
0.001258
0.001232
0.001357
0.001357
0.001129
0.001179
0.001108
0.001285
0.001385
0.001250
0.001186
0.001484
0.001470
0.001270
0.001119
0.001157
0.001283
0.001165
0.001113
0.001488
0.001281
0.001154
0.001291
0.001162
0.001262
0.001481
0.001273
0.001129
0.001223
0.001017
0.001210
0.001413
0.001203
0.001240
0.001300
0.001097
0.001211
0.001217
0.001046
0.001233
0.001378
0.001170
0.001346
0.001337
0.001062
0.001265
0.001190
0.001378
0.001217
0.001146
0.001143
0.001127
0.001361
0.001213
0.001366
0.001197
0.001108
0.001177
0.001303
0.001461
0.001232
0.001323
0.001103
0.001224
0.001440
0.001162
0.001197
0.001302
0.001131
0.001108
0.001001
0.001277
0.001115
0.001203
0.001377
0.001193
0.001247
0.001246
0.001225
0.001223
0.001127
0.001313
0.001212
0.001433
0.001224
0.001340
0.001188
0.001360
0.001365
0.001275
0.001304
0.001219
0.001096
0.001255
0.001197
0.001314
0.001402
0.001052
0.001180
0.001269
0.001077
0.001280
0.001004
0.001422
0.001202
0.001238
0.001228
0.001215
0.001036
0.001325
0.000949
0.001121
0.001233
0.001175
0.001183
0.001359
0.001407
0.001365
0.001222
0.001101
0.001385
0.001271
0.001297
0.001360
0.001305
0.001192
0.001202
0.001084
0.001372
0.001448
0.001318
0.001219
0.001215
0.001465
0.001096
0.001421
0.001357
0.001404
0.001346
0.001167
0.000992
0.001280
0.001323
0.001224
0.001240
0.001057
0.001262
0.001304
0.001227
0.001320
0.001211
0.001455
0.001263
0.001216
0.001100
0.001110
0.001200
0.001407
0.001204
0.001376
0.001274
0.001381
0.001351
0.001099
0.001162
0.001219
0.001256
0.001384
0.001169
0.001190
0.001259
0.001267
0.001342
0.001372
0.001458
0.001026
0.001146
0.001430
0.001402
0.001096
0.001287
0.001149
0.001256
0.001418
0.001101
0.001408
0.001621
0.001147
0.001264
0.001459
0.001292
0.001244
0.001340
0.001199
0.001268
0.001176
0.001087
0.001102
0.001461
0.001110
0.001345
0.001195
0.001327
0.001403
0.001382
0.001169
0.001249
0.001322
0.001291
0.001353
0.001131
0.001140
0.001270
0.001335
0.001128
0.001391
0.001408
0.001215
0.001263
0.001307
0.001294
0.001126
0.001459
0.001122
0.001290
0.001247
0.001344
0.001058
0.001081
0.001359
0.001099
0.001145
0.001159
0.001351
0.001358
0.001132
0.001242
0.001108
0.001383
0.001140
0.001341
0.001320
0.001347
0.000997
0.001183
0.001242
0.001453
0.001010
0.001146
0.001245
0.000999
0.001161
0.001156
0.001256
0.001155
0.001174
0.001305
0.001430
0.001115
0.001277
0.001366
0.001426
0.001211
0.001315
0.001068
0.001309
0.001316
0.001286
0.001466
0.001124
0.001267
0.001295
0.001336
0.001136
0.001373
0.001159
0.001310
0.001411
0.001283
0.001202
0.001121
0.001252
0.001152
0.001041
0.001189
0.001410
0.001463
0.001281
0.001095
0.001178
0.001234
0.001248
0.001198
0.001185
0.001390
0.001262
0.001281
0.001351
0.001147
0.001301
0.001363
0.001381
0.001299
0.001339
0.001450
0.001247
0.001136
0.001035
0.000999
0.001368
0.001133
0.001145
0.001310
0.001101
0.001196
0.001254
0.001223
0.001202
0.001355
0.001235
0.001306
0.001271
0.001194
0.001291
0.001065
0.001215
0.001232
0.001099
0.001171
0.001290
0.001292
0.001102
0.001133
0.001324
0.001160
0.001357
0.001185
0.001376
0.001295
0.001350
0.001260
0.001412
0.001325
0.001084
0.001054
0.001117
0.001519
0.001048
0.001345
0.001332
0.001269
0.001229
0.001512
0.001235
0.001270
0.000975
0.001212
0.001121
0.001209
0.001210
0.001367
0.001225
0.001208
0.001211
0.001133
0.001074
0.001244
0.001328
0.001136
0.001531
0.001259
0.001226
0.001194
0.001304
0.001307
0.001369
0.001121
0.001253
0.001196
0.001171
0.001086
0.001033
0.001241
0.001212
0.001508
0.001518
0.001184
0.001242
0.001322
0.001337
0.001249
0.001344
0.001477
0.001098
0.001164
0.001094
0.001355
0.001206
0.001284
0.001376
0.001273
0.001499
0.001218
0.001639
0.001500
0.001215
0.001472
0.001446
0.001258
0.001278
0.001424
0.001306
0.001360
0.001653
0.001175
0.001355
0.001196
0.001263
0.001393
0.001399
0.001360
0.001201
0.001230
0.001237
0.001241
0.001461
0.001166
0.001356
0.001307
0.001469
0.001223
0.001300
0.001097
0.001153
0.001310
0.001277
0.001102
0.001096
0.001460
0.001277
0.001194
0.001204
0.001344
0.001094
0.001241
0.001291
0.001145
0.001346
0.001242
0.001506
0.001265
0.001320
0.001344
0.001235
0.001084
0.001375
0.001216
0.001271
0.001349
0.001119
0.001198
0.001258
0.001292
0.001185
0.001130
0.001305
0.001228
0.001415
0.001194
0.001220
0.001175
0.001105
0.001328
0.001189
0.001169
0.001165
0.001291
0.001070
0.001090
0.001171
0.001348
0.001289
0.001064
0.001338
0.001228
0.001065
0.001270
0.001282
0.001189
0.000996
0.001365
0.001321
0.001178
0.001338
0.001378
0.001127
0.001055
0.001300
0.001285
0.001326
0.001561
0.001273
0.001303
0.001222
0.001373
0.001295
0.001136
0.001307
0.001294
0.001311
0.001412
0.001024
0.001151
0.001393
0.001166
0.001240
0.001060
0.001265
0.000962
0.001039
0.001191
0.001196
0.001234
0.001233
0.001371
0.001193
0.001251
0.001230
0.001116
0.001145
0.001248
0.001188
0.001042
0.001113
0.001433
0.001124
0.001282
0.001413
0.001364
0.001078
0.001437
0.001279
0.001246
0.001140
0.001201
0.001394
0.001260
0.001159
0.001349
0.001438
0.000927
0.001449
0.001394
0.001398
0.001073
0.001338
0.001502
0.001249
0.001188
0.001196
0.001357
0.001305
0.001276
0.001373
0.001189
0.001277
0.001087
0.001274
0.001325
0.001190
0.001028
0.001183
0.001192
0.001078
0.001152
0.001290
0.001256
0.001295
0.001214
0.001223
0.001310
0.001263
0.001296
0.001283
0.001185
0.001388
0.001279
0.001260
0.001117
0.001147
0.001081
0.001322
0.001328
0.001429
0.001117
0.001523
0.001143
0.001320
0.001317
0.001158
0.001315
0.001201
0.001402
0.001205
0.001266
0.001415
0.001236
0.001161
0.001231
0.001216
0.001253
0.001143
0.001331
0.001287
0.001204
0.001296
0.001312
0.001201
0.001322
0.001274
0.001109
0.001274
0.001482
0.001284
0.001221
0.001347
0.001235
0.001242
0.001459
0.001126
0.001446
0.001029
0.001240
0.001270
0.001174
0.001166
0.001187
0.001295
0.001036
0.001203
0.001358
0.001234
0.001221
0.001289
0.001324
0.001118
0.001332
0.001323
0.001087
0.001188
0.001461
0.001172
0.001282
0.001410
0.001083
0.001219
0.001201
0.001270
0.001391
0.001005
0.001288
0.001255
0.001257
0.001177
0.001238
0.001228
0.001352
0.001264
0.001134
0.001224
0.001287
0.001289
0.001227
0.001056
0.001386
0.001315
0.001044
0.001217
0.001311
0.001213
0.001109
0.001157
0.001267
0.001136
0.001197
0.001166
0.001446
0.001260
0.001084
0.001090
0.001391
0.001322
0.001203
0.001227
0.001040
0.001338
0.001213
0.001320
0.001149
0.001377
0.001265
0.001292
0.001360
0.001163
0.001266
0.001311
0.001288
0.001158
0.001332
0.000886
0.001288
0.001324
0.001332
0.001275
0.001130
0.001199
0.001003
0.001264
0.001310
0.001182
0.001166
0.001336
0.001198
0.001136
0.001178
0.001128
0.001199
0.001436
0.001218
0.001283
0.001251
0.000895
0.001236
0.001199
0.001295
0.001299
0.001424
0.001512
0.001274
0.001274
0.001214
0.001115
0.001306
0.001458
0.001033
0.001298
0.001244
0.001162
0.001382
0.001230
0.001163
0.001075
0.001270
0.001263
0.001302
0.001229
0.001394
0.001141
0.001317
0.001216
0.001295
0.001277
0.001218
0.001167
0.001149
0.001074
0.001237
0.001182
0.001383
0.001093
0.001244
0.001107
0.001223
0.001172
0.001222
0.001456
0.001522
0.001408
0.001365
0.001320
0.001259
0.001498
0.001297
0.001458
0.001279
0.001149
0.001010
0.001384
0.001356
0.001536
0.001311
0.001099
0.001377
0.001188
0.001230
0.001142
0.001398
0.001331
0.001465
0.001091
0.001258
0.001232
0.001357
0.001357
0.001129
0.001179
0.001108
0.001285
0.001385
0.001250
0.001186
0.001484
0.001470
0.001270
0.001119
0.001157
0.001283
0.001165
0.001113
0.001488
0.001281
0.001154
0.001291
0.001162
0.001262
0.001481
0.001273
0.001129
0.001223
0.001017
0.001210
0.001413
0.001203
0.001240
0.001300
0.001097
0.001211
0.001217
0.001046
0.001233
0.001378
0.001170
0.001346
0.001337
0.001062
0.001265
0.001190
0.001378
0.001217
0.001146
0.001143
0.001127
0.001361
0.001213
0.001366
0.001197
0.001108
0.001177
0.001303
0.001461
0.001232
0.001323
0.001103
0.001224
0.001440
0.001162
0.001197
0.001302
0.001131
0.001108
0.001001
0.001277
0.001115
0.001203
0.001377
0.001193
0.001247
0.001246
0.001225
0.001223
0.001127
0.001313
0.001212
0.001433
0.001224
0.001340
0.001188
0.001360
0.001365
0.001275
0.001304
0.001219
0.001096
0.001255
0.001197
0.001314
0.001402
0.001052
0.001180
0.001269
0.001077
0.001280
0.001004
0.001422
0.001202
0.001238
0.001228
0.001215
0.001036
0.001325
0.000949
0.001121
0.001233
0.001175
0.001183
0.001359
0.001407
0.001365
0.001222
0.001101
0.001385
0.001271
0.001297
0.001360
0.001305
0.001192
0.001202
0.001084
0.001372
0.001448
0.001318
0.001219
0.001215
0.001465
0.001096
0.001421
0.001357
0.001404
0.001346
0.001167
0.000992
0.001280
0.001323
0.001224
0.001240
0.001057
0.001262
0.001304
0.001227
0.001320
0.001211
0.001455
0.001263
0.001216
0.001100
0.001110
0.001200
0.001407
0.001204
0.001376
0.001274
0.001381
0.001351
0.001099
0.001162
0.001219
0.001256
0.001384
0.001169
0.001190
0.001259
0.001267
0.001342
0.001372
0.001458
0.001026
0.001146
0.001430
0.001402
0.001096
0.001287
0.001149
0.001256
0.001418
0.001101
0.001408
0.001621
0.001147
0.001264
0.001459
0.001292
0.001244
0.001340
0.001199
0.001268
0.001176
0.001087
0.001102
0.001461
0.001110
0.001345
0.001195
0.001327
0.001403
0.001382
0.001169
0.001249
0.001322
0.001291
0.001353
0.001131
0.001140
0.001270
0.001335
0.001128
0.001391
0.001408
0.001215
0.001263
0.001307
0.001294
0.001126
0.001459
0.001122
0.001290
0.001247
0.001344
0.001058
0.001081
0.001359
0.001099
0.001145
0.001159
0.001351
0.001358
0.001132
0.001242
0.001108
0.001383
0.001140
0.001341
0.001320
0.001347
0.000997
0.001183
0.001242
0.001453
0.001010
0.001146
0.001245
0.000999
0.001161
0.001156
0.001256
0.001155
0.001174
0.001305
0.001430
0.001115
0.001277
0.001366
0.001426
0.001211
0.001315
0.001068
0.001309
0.001316
0.001286
0.001466
0.001124
0.001267
0.001295
0.001336
0.001136
0.001373
0.001159
0.001310
0.001411
0.001283
0.001202
0.001121
0.001252
0.001152
0.001041
0.001189
0.001410
0.001463
0.001281
0.001095
0.001178
0.001234
0.001248
0.001198
0.001185
0.001390
0.001262
0.001281
0.001351
0.001147
0.001301
0.001363
0.001381
0.001299
0.001339
0.001450
0.001247
0.001136
0.001035
0.000999
0.001368
0.001133
0.001145
0.001310
0.001101
0.001196
0.001254
0.001223
0.001202
0.001355
0.001235
0.001306
0.001271
0.001194
0.001291
0.001065
0.001215
0.001232
0.001099
0.001171
0.001290
0.001292
0.001102
0.001133
0.001324
0.001160
0.001357
0.001185
0.001376
0.001295
0.001350
0.001260
0.001412
0.001325
0.001084
0.001054
0.001117
0.001519
0.001048
0.001345
0.001332
0.001269
0.001229
0.001512
0.001235
0.001270
0.000975
0.001212
0.001121
0.001209
0.001210
0.001367
0.001225
0.001208
0.001211
0.001133
0.001074
0.001244
0.001328
0.001136
0.001531
0.001259
0.001226
0.001194
0.001304
0.001307
0.001369
0.001121
0.001253
0.001196
0.001171
0.001086
0.001033
0.001241
0.001212
0.001508
0.001518
0.001184
0.001242
0.001322
0.001337
0.001249
0.001344
0.001477
0.001098
0.001164
0.001094
0.001355
0.001206
0.001284
0.001376
0.001273
0.001499
0.001218
0.001639
0.001500
0.001215
0.001472
0.001446
0.001258
0.001278
0.001424
0.001306
0.001360
0.001653
0.001175
0.001355
0.001196
0.001263
0.001393
0.001399
0.001360
0.001201
0.001230
0.001237
0.001241
0.001461
0.001166
0.001356
0.001307
0.001469
0.001223
0.001300
0.001097
0.001153
0.001310
0.001277
0.001102
0.001096
0.001460
0.001277
0.001194
0.001204
0.001344
0.001094
0.001241
0.001291
0.001145
0.001346
0.001242
0.001506
0.001265
0.001320
0.001344
0.001235
0.001084
0.001375
0.001216
0.001271
0.001349
0.001119
0.001198
0.001258
0.001292
0.001185
0.001130
0.001305
0.001228
0.001415
0.001194
0.001220
0.001175
0.001105
0.001328
0.001189
0.001169
0.001165
0.001291
0.001070
0.001090
0.001171
0.001348
0.001289
0.001064
0.001338
0.001228
0.001065
0.001270
0.001282
0.001189
0.000996
0.001365
0.001321
0.001178
0.001338
0.001378
0.001127
0.001055
0.001300
0.001285
0.001326
0.001561
0.001273
0.001303
0.001222
0.001373
0.001295
0.001136
0.001307
0.001294
0.001311
0.001412
0.001024
0.001151
0.001393
0.001166
0.001240
0.001060
0.001265
0.000962
0.001039
0.001191
0.001196
0.001234
0.001233
0.001371
0.001193
0.001251
0.001230
0.001116
0.001145
0.001248
0.001188
0.001042
0.001113
0.001433
0.001124
0.001282
0.001413
0.001364
0.001078
0.001437
0.001279
0.001246
0.001140
0.001201
0.001394
0.001260
0.001159
0.001349
0.001438
0.000927
0.001449
0.001394
0.001398
0.001073
0.001338
0.001502
0.001249
0.001188
0.001196
0.001357
0.001305
0.001276
0.001373
0.001189
0.001277
0.001087
0.001274
0.001325
0.001190
0.001028
0.001183
0.001192
0.001078
0.001152
0.001290
0.001256
0.001295
0.001214
0.001223
0.001310
0.001263
0.001296
0.001283
0.001185
0.001388
0.001279
0.001260
0.001117
0.001147
0.001081
0.001322
0.001328
0.001429
0.001117
0.001523
0.001143
0.001320
0.001317
0.001158
0.001315
0.001201
0.001402
0.001205
0.001266
0.001415
0.001236
0.001161
0.001231
0.001216
0.001253
0.001143
0.001331
0.001287
0.001204
0.001296
0.001312
0.001201
0.001322
0.001274
0.001109
0.001274
0.001482
0.001284
0.001221
0.001347
0.001235
0.001242
0.001459
0.001126
0.001446
0.001029
0.001240
0.001270
0.001174
0.001166
0.001187
0.001295
0.001036
0.001203
0.001358
0.001234
0.001221
0.001289
0.001324
0.001118
0.001332
0.001323
0.001087
0.001188
0.001461
0.001172
0.001282
0.001410
0.001083
0.001219
0.001201
0.001270
0.001391
0.001005
0.001288
0.001255
0.001257
0.001177
0.001238
0.001228
0.001352
0.001264
0.001134
0.001224
0.001287
0.001289
0.001227
0.001056
0.001386
0.001315
0.001044
0.001217
0.001311
0.001213
0.001109
0.001157
0.001267
0.001136
0.001197
0.001166
0.001446
0.001260
0.001084
0.001090
0.001391
0.001322
0.001203
0.001227
0.001040
0.001338
0.001213
0.001320
0.001149
0.001377
0.001265
0.001292
0.001360
0.001163
0.001266
0.001311
0.001288
0.001158
0.001332
0.000886
0.001288
0.001324
0.001332
0.001275
0.001130
0.001199
0.001003
0.001264
0.001310
0.001182
0.001166
0.001336
0.001198
0.001136
0.001178
0.001128
0.001199
0.001436
0.001218
0.001283
0.001251
0.000895
0.001236
0.001199
0.001295
0.001299
0.001424
0.001512
0.001274
0.001274
0.001214
0.001115
0.001306
0.001458
0.001033
0.001298
0.001244
0.001162
0.001382
0.001230
0.001163
0.001075
0.001270
0.001263
0.001302
0.001229
0.001394
0.001141
0.001317
0.001216
0.001295
0.001277
0.001218
0.001167
0.001149
0.001074
0.001237
0.001182
0.001383
0.001093
0.001244
0.001107
0.001223
0.001172
0.001222
0.001456
0.001522
0.001408
0.001365
0.001320
0.001259
0.001498
0.001297
0.001458
0.001279
0.001149
0.001010
0.001384
0.001356
0.001536
0.001311
0.001099
0.001377
0.001188
0.001230
0.001142
0.001398
0.001331
0.001465
0.001091
0.001258
0.001232
0.001357
0.001357
0.001129
0.001179
0.001108
0.001285
0.001385
0.001250
0.001186
0.001484
0.001470
0.001270
0.001119
0.001157
0.001283
0.001165
0.001113
0.001488
0.001281
0.001154
0.001291
0.001162
0.001262
0.001481
0.001273
0.001129
0.001223
0.001017
0.001210
0.001413
0.001203
0.001240
0.001300
0.001097
0.001211
0.001217
0.001046
0.001233
0.001378
0.001170
0.001346
0.001337
0.001062
0.001265
0.001190
0.001378
0.001217
0.001146
0.001143
0.001127
0.001361
0.001213
0.001366
0.001197
0.001108
0.001177
0.001303
0.001461
0.001232
0.001323
0.001103
0.001224
0.001440
0.001162
0.001197
0.001302
0.001131
0.001108
0.001001
0.001277
0.001115
0.001203
0.001377
0.001193
0.001247
0.001246
0.001225
0.001223
0.001127
0.001313
0.001212
0.001433
0.001224
0.001340
0.001188
0.001360
0.001365
0.001275
0.001304
0.001219
0.001096
0.001255
0.001197
0.001314
0.001402
0.001052
0.001180
0.001269
0.001077
0.001280
0.001004
0.001422
0.001202
0.001238
0.001228
0.001215
0.001036
0.001325
0.000949
0.001121
0.001233
0.001175
0.001183
0.001359
0.001407
0.001365
0.001222
0.001101
0.001385
0.001271
0.001297
0.001360
0.001305
0.001192
0.001202
0.001084
0.001372
0.001448
0.001318
0.001219
0.001215
0.001465
0.001096
0.001421
0.001357
0.001404
0.001346
0.001167
0.000992
0.001280
0.001323
0.001224
0.001240
0.001057
0.001262
0.001304
0.001227
0.001320
0.001211
0.001455
0.001263
0.001216
0.001100
0.001110
0.001200
0.001407
0.001204
0.001376
0.001274
0.001381
0.001351
0.001099
0.001162
0.001219
0.001256
0.001384
0.001169
0.001190
0.001259
0.001267
0.001342
0.001372
0.001458
0.001026
0.001146
0.001430
0.001402
0.001096
0.001287
0.001149
0.001256
0.001418
0.001101
0.001408
0.001621
0.001147
0.001264
0.001459
0.001292
0.001244
0.001340
0.001199
0.001268
0.001176
0.001087
0.001102
0.001461
0.001110
0.001345
0.001195
0.001327
0.001403
0.001382
0.001169
0.001249
0.001322
0.001291
0.001353
0.001131
0.001140
0.001270
0.001335
0.001128
0.001391
0.001408
0.001215
0.001263
0.001307
0.001294
0.001126
0.001459
0.001122
0.001290
0.001247
0.001344
0.001058
0.001081
0.001359
0.001099
0.001145
0.001159
0.001351
0.001358
0.001132
0.001242
0.001108
0.001383
0.001140
0.001341
0.001320
0.001347
0.000997
0.001183
0.001242
0.001453
0.001010
0.001146
0.001245
0.000999
0.001161
0.001156
0.001256
0.001155
0.001174
0.001305
0.001430
0.001115
0.001277
0.001366
0.001426
0.001211
0.001315
0.001068
0.001309
0.001316
0.001286
0.001466
0.001124
0.001267
0.001295
0.001336
0.001136
0.001373
0.001159
0.001310
0.001411
0.001283
0.001202
0.001121
0.001252
0.001152
0.001041
0.001189
0.001410
0.001463
0.001281
0.001095
0.001178
0.001234
0.001248
0.001198
0.001185
0.001390
0.001262
0.001281
0.001351
0.001147
0.001301
0.001363
0.001381
0.001299
0.001339
0.001450
0.001247
0.001136
0.001035
0.000999
0.001368
0.001133
0.001145
0.001310
0.001101
0.001196
0.001254
0.001223
0.001202
0.001355
0.001235
0.001306
0.001271
0.001194
0.001291
0.001065
0.001215
0.001232
0.001099
0.001171
0.001290
0.001292
0.001102
0.001133
0.001324
0.001160
0.001357
0.001185
0.001376
0.001295
0.001350
0.001260
0.001412
0.001325
0.001084
0.001054
0.001117
0.001519
0.001048
0.001345
0.001332
0.001269
0.001229
0.001512
0.001235
0.001270
0.000975
0.001212
0.001121
0.001209
0.001210
0.001367
0.001225
0.001208
0.001211
0.001133
0.001074
0.001244
0.001328
0.001136
0.001531
0.001259
0.001226
0.001194
0.001304
0.001307
0.001369
0.001121
0.001253
0.001196
0.001171
0.001086
0.001033
0.001241
0.001212
0.001508
0.001518
0.001184
0.001242
0.001322
0.001337
0.001249
0.001344
0.001477
0.001098
0.001164
0.001094
0.001355
0.001206
0.001284
0.001376
0.001273
0.001499
0.001218
0.001639
0.001500
0.001215
0.001472
0.001446
0.001258
0.001278
0.001424
0.001306
0.001360
0.001653
0.001175
0.001355
0.001196
0.001263
0.001393
0.001399
0.001360
0.001201
0.001230
0.001237
0.001241
0.001461
0.001166
0.001356
0.001307
0.001469
0.001223
0.001300
0.001097
0.001153
0.001310
0.001277
0.001102
0.001096
0.001460
0.001277
0.001194
0.001204
0.001344
0.001094
0.001241
0.001291
0.001145
0.001346
0.001242
0.001506
0.001265
0.001320
0.001344
0.001235
0.001084
0.001375
0.001216
0.001271
0.001349
0.001119
0.001198
0.001258
0.001292
0.001185
0.001130
0.001305
0.001228
0.001415
0.001194
0.001220
0.001175
0.001105
0.001328
0.001189
0.001169
0.001165
0.001291
0.001070
0.001090
0.001171
0.001348
0.001289
0.001064
0.001338
0.001228
0.001065
0.001270
0.001282
0.001189
0.000996
0.001365
0.001321
0.001178
0.001338
0.001378
0.001127
0.001055
0.001300
0.001285
0.001326
0.001561
0.001273
0.001303
0.001222
0.001373
0.001295
0.001136
0.001307
0.001294
0.001311
0.001412
0.001024
0.001151
0.001393
0.001166
0.001240
0.001060
0.001265
0.000962
0.001039
0.001191
0.001196
0.001234
0.001233
0.001371
0.001193
0.001251
0.001230
0.001116
0.001145
0.001248
0.001188
0.001042
0.001113
0.001433
0.001124
0.001282
0.001413
0.001364
0.001078
0.001437
0.001279
0.001246
0.001140
0.001201
0.001394
0.001260
0.001159
0.001349
0.001438
0.000927
0.001449
0.001394
0.001398
0.001073
0.001338
0.001502
0.001249
0.001188
0.001196
0.001357
0.001305
0.001276
0.001373
0.001189
0.001277
0.001087
0.001274
0.001325
0.001190
0.001028
0.001183
0.001192
0.001078
0.001152
0.001290
0.001256
0.001295
0.001214
0.001223
0.001310
0.001263
0.001296
0.001283
0.001185
0.001388
0.001279
0.001260
0.001117
0.001147
0.001081
0.001322
0.001328
0.001429
0.001117
0.001523
0.001143
0.001320
0.001317
0.001158
0.001315
0.001201
0.001402
0.001205
0.001266
0.001415
0.001236
0.001161
0.001231
0.001216
0.001253
0.001143
0.001331
0.001287
0.001204
0.001296
0.001312
0.001201
0.001322
0.001274
0.001109
0.001274
0.001482
0.001284
0.001221
0.001347
0.001235
0.001242
0.001459
0.001126
0.001446
0.001029
0.001240
0.001270
0.001174
0.001166
0.001187
0.001295
0.001036
0.001203
0.001358
0.001234
0.001221
0.001289
0.001324
0.001118
0.001332
0.001323
0.001087
0.001188
0.001461
0.001172
0.001282
0.001410
0.001083
0.001219
0.001201
0.001270
0.001391
0.001005
0.001288
0.001255
0.001257
0.001177
0.001238
0.001228
0.001352
0.001264
0.001134
0.001224
0.001287
0.001289
0.001227
0.001056
0.001386
0.001315
0.001044
0.001217
0.001311
0.001213
0.001109
0.001157
0.001267
0.001136
0.001197
0.001166
0.001446
0.001260
0.001084
0.001090
0.001391
0.001322
0.001203
0.001227
0.001040
0.001338
0.001213
0.001320
0.001149
0.001377
0.001265
0.001292
0.001360
0.001163
0.001266
0.001311
0.001288
0.001158
0.001332
0.000886
0.001288
0.001324
0.001332
0.001275
0.001130
0.001199
0.001003
0.001264
0.001310
0.001182
0.001166
0.001336
0.001198
0.001136
0.001178
0.001128
0.001199
0.001436
0.001218
0.001283
0.001251
0.000895
0.001236
0.001199
0.001295
0.001299
0.001424
0.001512
0.001274
0.001274
0.001214
0.001115
0.001306
0.001458
0.001033
0.001298
0.001244
0.001162
0.001382
0.001230
0.001163
0.001075
0.001270
0.001263
0.001302
0.001229
0.001394
0.001141
0.001317
0.001216
0.001295
0.001277
0.001218
0.001167
0.001149
0.001074
0.001237
0.001182
0.001383
0.001093
0.001244
0.001107
0.001223
0.001172
0.001222
0.001456
0.001522
0.001408
0.001365
0.001320
0.001259
0.001498
0.001297
0.001458
0.001279
0.001149
0.001010
0.001384
0.001356
0.001536
0.001311
0.001099
0.001377
0.001188
0.001230
0.001142
0.001398
0.001331
0.001465
0.001091
0.001258
0.001232
0.001357
0.001357
0.001129
0.001179
0.001108
0.001285
0.001385
0.001250
0.001186
0.001484
0.001470
0.001270
0.001119
0.001157
0.001283
0.001165
0.001113
0.001488
0.001281
0.001154
0.001291
0.001162
0.001262
0.001481
0.001273
0.001129
0.001223
0.001017
0.001210
0.001413
0.001203
0.001240
0.001300
0.001097
0.001211
0.001217
0.001046
0.001233
0.001378
0.001170
0.001346
0.001337
0.001062
0.001265
0.001190
0.001378
0.001217
0.001146
0.001143
0.001127
0.001361
0.001213
0.001366
0.001197
0.001108
0.001177
0.001303
0.001461
0.001232
0.001323
0.001103
0.001224
0.001440
0.001162
0.001197
0.001302
0.001131
0.001108
0.001001
0.001277
0.001115
0.001203
0.001377
0.001193
0.001247
0.001246
0.001225
0.001223
0.001127
0.001313
0.001212
0.001433
0.001224
0.001340
0.001188
0.001360
0.001365
0.001275
0.001304
0.001219
0.001096
0.001255
0.001197
0.001314
0.001402
0.001052
0.001180
0.001269
0.001077
0.001280
0.001004
0.001422
0.001202
0.001238
0.001228
0.001215
0.001036
0.001325
0.000949
0.001121
0.001233
0.001175
0.001183
0.001359
0.001407
0.001365
0.001222
0.001101
0.001385
0.001271
0.001297
0.001360
0.001305
0.001192
0.001202
0.001084
0.001372
0.001448
0.001318
0.001219
0.001215
0.001465
0.001096
0.001421
0.001357
0.001404
0.001346
0.001167
0.000992
0.001280
0.001323
0.001224
0.001240
0.001057
0.001262
0.001304
0.001227
0.001320
0.001211
0.001455
0.001263
0.001216
0.001100
0.001110
0.001200
0.001407
0.001204
0.001376
0.001274
0.001381
0.001351
0.001099
0.001162
0.001219
0.001256
0.001384
0.001169
0.001190
0.001259
0.001267
0.001342
0.001372
0.001458
0.001026
0.001146
0.001430
0.001402
0.001096
0.001287
0.001149
0.001256
0.001418
0.001101
0.001408
0.001621
0.001147
0.001264
0.001459
0.001292
0.001244
0.001340
0.001199
0.001268
0.001176
0.001087
0.001102
0.001461
0.001110
0.001345
0.001195
0.001327
0.001403
0.001382
0.001169
0.001249
0.001322
0.001291
0.001353
0.001131
0.001140
0.001270
0.001335
0.001128
0.001391
0.001408
0.001215
0.001263
0.001307
0.001294
0.001126
0.001459
0.001122
0.001290
0.001247
0.001344
0.001058
0.001081
0.001359
0.001099
0.001145
0.001159
0.001351
0.001358
0.001132
0.001242
0.001108
0.001383
0.001140
0.001341
0.001320
0.001347
0.000997
0.001183
0.001242
0.001453
0.001010
0.001146
0.001245
0.000999
0.001161
0.001156
0.001256
0.001155
0.001174
0.001305
0.001430
0.001115
0.001277
0.001366
0.001426
0.001211
0.001315
0.001068
0.001309
0.001316
0.001286
0.001466
0.001124
0.001267
0.001295
0.001336
0.001136
0.001373
0.001159
0.001310
0.001411
0.001283
0.001202
0.001121
0.001252
0.001152
0.001041
0.001189
0.001410
0.001463
0.001281
0.001095
0.001178
0.001234
0.001248
0.001198
0.001185
0.001390
0.001262
0.001281
0.001351
0.001147
0.001301
0.001363
0.001381
0.001299
0.001339
0.001450
0.001247
0.001136
0.001035
0.000999
0.001368
0.001133
0.001145
0.001310
0.001101
0.001196
0.001254
0.001223
0.001202
0.001355
0.001235
0.001306
0.001271
0.001194
0.001291
0.001065
0.001215
0.001232
0.001099
0.001171
0.001290
0.001292
0.001102
0.001133
0.001324
0.001160
0.001357
0.001185
0.001376
0.001295
0.001350
0.001260
0.001412
0.001325
0.001084
0.001054
0.001117
0.001519
0.001048
0.001345
0.001332
0.001269
0.001229
0.001512
0.001235
0.001270
0.000975
0.001212
0.001121
0.001209
0.001210
0.001367
0.001225
0.001208
0.001211
0.001133
0.001074
0.001244
0.001328
0.001136
0.001531
0.001259
0.001226
0.001194
0.001304
0.001307
0.001369
0.001121
0.001253
0.001196
0.001171
0.001086
0.001033
0.001241
0.001212
0.001508
0.001518
0.001184
0.001242
0.001322
0.001337
0.001249
0.001344
0.001477
0.001098
0.001164
0.001094
0.001355
0.001206
0.001284
0.001376
0.001273
0.001499
0.001218
0.001639
0.001500
0.001215
0.001472
0.001446
0.001258
0.001278
0.001424
0.001306
0.001360
0.001653
0.001175
0.001355
0.001196
0.001263
0.001393
0.001399
0.001360
0.001201
0.001230
0.001237
0.001241
0.001461
0.001166
0.001356
0.001307
0.001469
0.001223
0.001300
0.001097
0.001153
0.001310
0.001277
0.001102
0.001096
0.001460
0.001277
0.001194
0.001204
0.001344
0.001094
0.001241
0.001291
0.001145
0.001346
0.001242
0.001506
0.001265
0.001320
0.001344
0.001235
0.001084
0.001375
0.001216
0.001271
0.001349
0.001119
0.001198
0.001258
0.001292
0.001185
0.001130
0.001305
0.001228
0.001415
0.001194
0.001220
0.001175
0.001105
0.001328
0.001189
0.001169
0.001165
0.001291
0.001070
0.001090
0.001171
0.001348
0.001289
0.001064
0.001338
0.001228
0.001065
0.001270
0.001282
0.001189
0.000996
0.001365
0.001321
0.001178
0.001338
0.001378
0.001127
0.001055
0.001300
0.001285
0.001326
0.001561
0.001273
0.001303
0.001222
0.001373
0.001295
0.001136
0.001307
0.001294
0.001311
0.001412
0.001024
0.001151
0.001393
0.001166
0.001240
0.001060
0.001265
0.000962
0.001039
0.001191
0.001196
0.001234
0.001233
0.001371
0.001193
0.001251
0.001230
0.001116
0.001145
0.001248
0.001188
0.001042
0.001113
0.001433
0.001124
0.001282
0.001413
0.001364
0.001078
0.001437
0.001279
0.001246
0.001140
0.001201
0.001394
0.001260
0.001159
0.001349
0.001438
0.000927
0.001449
0.001394
0.001398
0.001073
0.001338
0.001502
0.001249
0.001188
0.001196
0.001357
0.001305
0.001276
0.001373
0.001189
0.001277
0.001087
0.001274
0.001325
0.001190
0.001028
0.001183
0.001192
0.001078
0.001152
0.001290
0.001256
0.001295
0.001214
0.001223
0.001310
0.001263
0.001296
0.001283
0.001185
0.001388
0.001279
0.001260
0.001117
0.001147
0.001081
0.001322
0.001328
0.001429
0.001117
0.001523
0.001143
0.001320
0.001317
0.001158
0.001315
0.001201
0.001402
0.001205
0.001266
0.001415
0.001236
0.001161
0.001231
0.001216
0.001253
0.001143
0.001331
0.001287
0.001204
0.001296
0.001312
0.001201
0.001322
0.001274
0.001109
0.001274
0.001482
0.001284
0.001221
0.001347
0.001235
0.001242
0.001459
0.001126
0.001446
0.001029
0.001240
0.001270
0.001174
0.001166
0.001187
0.001295
0.001036
0.001203
0.001358
0.001234
0.001221
0.001289
0.001324
0.001118
0.001332
0.001323
0.001087
0.001188
0.001461
0.001172
0.001282
0.001410
0.001083
0.001219
0.001201
0.001270
0.001391
0.001005
0.001288
0.001255
0.001257
0.001177
0.001238
0.001228
0.001352
0.001264
0.001134
0.001224
0.001287
0.001289
0.001227
0.001056
0.001386
0.001315
0.001044
0.001217
0.001311
0.001213
0.001109
0.001157
0.001267
0.001136
0.001197
0.001166
0.001446
0.001260
0.001084
0.001090
0.001391
0.001322
0.001203
0.001227
0.001040
0.001338
0.001213
0.001320
0.001149
0.001377
0.001265
0.001292
0.001360
0.001163
0.001266
0.001311
0.001288
0.001158
0.001332
0.000886
0.001288
0.001324
0.001332
0.001275
0.001130
0.001199
0.001003
0.001264
0.001310
0.001182
0.001166
0.001336
0.001198
0.001136
0.001178
0.001128
0.001199
0.001436
0.001218
0.001283
0.001251
0.000895
0.001236
0.001199
0.001295
0.001299
0.001424
0.001512
0.001274
0.001274
0.001214
0.001115
0.001306
0.001458
0.001033
0.001298
0.001244
0.001162
0.001382
0.001230
0.001163
0.001075
0.001270
0.001263
0.001302
0.001229
0.001394
0.001141
0.001317
0.001216
0.001295
0.001277
0.001218
0.001167
0.001149
0.001074
0.001237
0.001182
0.001383
0.001093
0.001244
0.001107
0.001223
0.001172
0.001222
0.001456
0.001522
0.001408
0.001365
0.001320
0.001259
0.001498
0.001297
0.001458
0.001279
0.001149
0.001010
0.001384
0.001356
0.001536
0.001311
0.001099
0.001377
0.001188
0.001230
0.001142
0.001398
0.001331
0.001465
0.001091
0.001258
0.001232
0.001357
0.001357
0.001129
0.001179
0.001108
0.001285
0.001385
0.001250
0.001186
0.001484
0.001470
0.001270
0.001119
0.001157
0.001283
0.001165
0.001113
0.001488
0.001281
0.001154
0.001291
0.001162
0.001262
0.001481
0.001273
0.001129
0.001223
0.001017
0.001210
0.001413
0.001203
0.001240
0.001300
0.001097
0.001211
0.001217
0.001046
0.001233
0.001378
0.001170
0.001346
0.001337
0.001062
0.001265
0.001190
0.001378
0.001217
0.001146
0.001143
0.001127
0.001361
0.001213
0.001366
0.001197
0.001108
0.001177
0.001303
0.001461
0.001232
0.001323
0.001103
0.001224
0.001440
0.001162
0.001197
0.001302
0.001131
0.001108
0.001001
0.001277
0.001115
0.001203
0.001377
0.001193
0.001247
0.001246
0.001225
0.001223
0.001127
0.001313
0.001212
0.001433
0.001224
0.001340
0.001188
0.001360
0.001365
0.001275
0.001304
0.001219
0.001096
0.001255
0.001197
0.001314
0.001402
0.001052
0.001180
0.001269
0.001077
0.001280
0.001004
0.001422
0.001202
0.001238
0.001228
0.001215
0.001036
0.001325
0.000949
0.001121
0.001233
0.001175
0.001183
0.001359
0.001407
0.001365
0.001222
0.001101
0.001385
0.001271
0.001297
0.001360
0.001305
0.001192
0.001202
0.001084
0.001372
0.001448
0.001318
0.001219
0.001215
0.001465
0.001096
0.001421
0.001357
0.001404
0.001346
0.001167
0.000992
0.001280
0.001323
0.001224
0.001240
0.001057
0.001262
0.001304
0.001227
0.001320
0.001211
0.001455
0.001263
0.001216
0.001100
0.001110
0.001200
0.001407
0.001204
0.001376
0.001274
0.001381
0.001351
0.001099
0.001162
0.001219
0.001256
0.001384
0.001169
0.001190
0.001259
0.001267
0.001342
0.001372
0.001458
0.001026
0.001146
0.001430
0.001402
0.001096
0.001287
0.001149
0.001256
0.001418
0.001101
0.001408
0.001621
0.001147
0.001264
0.001459
0.001292
0.001244
0.001340
0.001199
0.001268
0.001176
0.001087
0.001102
0.001461
0.001110
0.001345
0.001195
0.001327
0.001403
0.001382
0.001169
0.001249
0.001322
0.001291
0.001353
0.001131
0.001140
0.001270
0.001335
0.001128
0.001391
0.001408
0.001215
0.001263
0.001307
0.001294
0.001126
0.001459
0.001122
0.001290
0.001247
0.001344
0.001058
0.001081
0.001359
0.001099
0.001145
0.001159
0.001351
0.001358
0.001132
0.001242
0.001108
0.001383
0.001140
0.001341
0.001320
0.001347
0.000997
0.001183
0.001242
0.001453
0.001010
0.001146
0.001245
0.000999
0.001161
0.001156
0.001256
0.001155
0.001174
0.001305
0.001430
0.001115
0.001277
0.001366
0.001426
0.001211
0.001315
0.001068
0.001309
0.001316
0.001286
0.001466
0.001124
0.001267
0.001295
0.001336
0.001136
0.001373
0.001159
0.001310
0.001411
0.001283
0.001202
0.001121
0.001252
0.001152
