1000 94560 94286 94601 94231 94653 94055 94105 94822 94162 94967
5000 31123 30211 30036 36314 30265 30056 31192 30140 30032 30013
10000 24455 24264 24195 24270 24265 24299 24261 24277 24676 24205
20000 24371 24450 24422 24436 24367 24381 24378 24351 24377 24334
40000 32643 35694 33628 32810 32821 32763 32743 32559 32792 32774
60000 36459 36492 36450 36420 36603 36267 37786 36557 36364 36299
80000 46709 44940 46781 46645 45208 44749 44930 44912 44536 44743
100000 52906 53042 53222 53012 52854 53008 52988 53026 52876 53456
150000 74873 74767 74975 74830 79443 74841 74756 75102 74972 74961
200000 96465 96175 96113 96203 96042 96128 96077 96125 96006 97877
300000 133565 133466 133793 133825 133227 133685 144174 139521 133666 133840
400000 176807 175899 176115 176547 176312 183997 176299 177723 176721 176415
500000 221272 221436 222363 223310 220752 221109 221254 221194 220746 220726
600000 267230 267171 269709 270936 267061 267437 267628 266688 267785 267241
