0.001062
0.001507
0.001515
0.001347
0.001288
0.001056
0.000660
0.000898
0.001173
0.001501
0.001164
0.001163
0.001220
0.001614
0.001138
0.000921
0.001371
0.000825
0.000883
0.001620
0.001367
0.001270
0.001118
0.001473
0.001154
0.001482
0.001481
0.001062
0.001183
0.001256
0.001576
0.001277
0.001413
0.001139
0.000883
0.001455
0.001175
0.001487
0.001376
0.001268
0.001392
0.001413
0.001535
0.001129
0.001037
0.001381
0.001129
0.001261
0.001099
0.001340
0.000924
0.001197
0.001343
0.001197
0.001282
0.001567
0.001365
0.001136
0.001012
0.001532
0.001709
0.001446
0.001348
0.001555
0.001275
0.001521
0.001302
0.001327
0.001337
0.001372
0.001243
0.001193
0.001489
0.001247
0.001424
0.001379
0.001490
0.001286
0.001315
0.001195
0.001174
0.001355
0.001482
0.001140
0.001635
0.001029
0.001605
0.001201
0.001258
0.001387
0.001012
0.001075
0.001460
0.001451
0.001676
0.001019
0.001151
0.001273
0.001194
0.001217
0.001379
0.001230
0.000899
0.000827
0.001244
0.000866
0.001138
0.001378
0.000877
0.001021
0.001492
0.001200
0.001372
0.001362
0.001405
0.001055
0.001201
0.001294
0.001458
0.001194
0.001395
0.001073
0.001142
0.001447
0.001229
0.001247
0.001237
0.000823
0.001084
0.001011
0.001113
0.001277
0.001276
0.001488
0.000955
0.001016
0.001189
0.001364
0.001314
0.001112
0.001102
0.001467
0.001049
0.001100
0.001560
0.001543
0.000961
0.000958
0.001257
0.001678
0.001311
0.001038
0.001455
0.001476
0.001226
0.001257
0.001279
0.001202
0.001220
0.001488
0.001574
0.001363
0.001326
0.001039
0.001525
0.001319
0.001244
0.001115
0.001407
0.001217
0.000739
0.001111
0.001195
0.000952
0.001649
0.000989
0.001199
0.001406
0.001535
0.001647
0.001402
0.001109
0.001604
0.000921
0.001504
0.000681
0.001601
0.001167
0.001188
0.000949
0.001338
0.000805
0.001360
0.001327
0.001374
0.001210
0.000936
0.001219
0.001408
0.001139
0.001215
0.001450
0.001203
0.001136
0.001243
0.000985
0.001057
0.001219
0.000959
0.001081
0.001352
0.001484
0.001455
0.001064
0.001195
0.001050
0.000782
0.001133
0.000851
0.001180
0.001535
0.001205
0.001458
0.001570
0.001355
0.001602
0.001503
0.001311
0.001347
0.001193
0.001620
0.001269
0.001023
0.001195
0.000978
0.000760
0.001081
0.001141
0.001275
0.000905
0.000891
0.000981
0.001284
0.001192
0.001526
0.001435
0.001095
0.000724
0.001252
0.001121
0.001468
0.000845
0.000994
0.001314
0.001291
0.001826
0.001288
0.000913
0.001248
0.001450
0.001384
0.001041
0.000937
0.001195
0.000953
0.001396
0.001271
0.001226
0.000790
0.001678
0.001238
0.001192
0.001349
0.001362
0.001482
0.001265
0.001386
0.000944
0.001023
0.001112
0.001457
0.001316
0.001446
0.001092
0.001410
0.001290
0.001548
0.001201
0.001415
0.001133
0.001218
0.001001
0.001338
0.001596
0.000906
0.000993
0.000965
0.001386
0.001143
0.001213
0.000945
0.001412
0.001183
0.001184
0.001342
0.001215
0.001076
0.001444
0.001592
0.001200
0.001232
0.001452
0.001125
0.000977
0.001077
0.001170
0.001358
0.000869
0.001483
0.000955
0.000963
0.001106
0.001153
0.001378
0.000918
0.000989
0.001225
0.001185
0.001495
0.001040
0.001039
0.001540
0.001137
0.001466
0.001246
0.001375
0.001245
0.000941
0.001175
0.001396
0.001076
0.001191
0.001355
0.001205
0.000900
0.001541
0.001024
0.001486
0.001191
0.001509
0.001178
0.001233
0.001285
0.001198
0.000950
0.001099
0.001172
0.001456
0.001260
0.001320
0.000977
0.001133
0.001287
0.001372
0.000888
0.001065
0.001345
0.001209
0.001275
0.001204
0.001528
0.001325
0.001440
0.001321
0.001039
0.000949
0.000796
0.001245
0.001147
0.001034
0.001127
0.001176
0.001408
0.000986
0.001502
0.000976
0.001236
0.001129
0.001062
0.001663
0.000839
0.001113
0.001078
0.001281
0.001251
0.001278
0.001041
0.001309
0.001044
0.001237
0.001176
0.001125
0.001112
0.001228
0.001477
0.000906
0.001628
0.001802
0.001182
0.001708
0.001236
0.001326
0.001303
0.001355
0.001089
0.001454
0.001131
0.001167
0.001229
0.001477
0.001261
0.001603
0.001215
0.001259
0.001249
0.000857
0.001214
0.001006
0.001782
0.001315
0.001412
0.001246
0.001636
0.000992
0.000876
0.001198
0.001318
0.001428
0.001576
0.001208
0.001191
0.001274
0.001647
0.001255
0.001438
0.001257
0.001166
0.001038
0.001270
0.000995
0.001217
0.001402
0.001254
0.001587
0.001315
0.001321
0.001224
0.001332
0.001428
0.001493
0.000952
0.000876
0.001323
0.001393
0.001344
0.001830
0.001421
0.001072
0.001089
0.001355
0.001241
0.001158
0.001303
0.001890
0.001493
0.001410
0.000934
0.001475
0.001374
0.001054
0.001040
0.001407
0.001316
0.001169
0.001004
0.001465
0.001346
0.000989
0.000757
0.000949
0.001136
0.001154
0.001392
0.001049
0.001139
0.001694
0.001166
0.001239
0.001298
0.001340
0.001159
0.001561
0.001101
0.001582
0.001368
0.001239
0.001258
0.001284
0.001650
0.001805
0.001050
0.001137
0.001049
0.001257
0.001405
0.001001
0.000914
0.001217
0.001385
0.001199
0.000855
0.001334
0.001153
0.001171
0.001288
0.001112
0.000702
0.001542
0.001094
0.001323
0.001105
0.001099
0.001211
0.001256
0.001265
0.001330
0.001632
0.001136
0.001021
0.001003
0.001290
0.001217
0.001413
0.000942
0.001271
0.001127
0.001108
0.000901
0.001255
0.001335
0.001245
0.001180
0.001137
0.001326
0.001291
0.001234
0.001270
0.001206
0.001393
0.001542
0.001313
0.001340
0.001242
0.001181
0.001111
0.001016
0.000998
0.001394
0.000989
0.001431
0.001141
0.001117
0.001216
0.001295
0.001229
0.001379
0.001264
0.001444
0.001001
0.001040
0.001292
0.001143
0.001249
0.001622
0.001194
0.001361
0.001113
0.001293
0.001122
0.001337
0.001396
0.001428
0.001230
0.001010
0.001296
0.000987
0.001422
0.001207
0.001082
0.001342
0.001181
0.001538
0.001432
0.001245
0.001140
0.000943
0.001149
0.001253
0.001045
0.001423
0.001185
0.001344
0.001655
0.001392
0.001153
0.001030
0.001273
0.001198
0.001662
0.001332
0.001315
0.001221
0.001439
0.001033
0.001240
0.001004
0.001300
0.001208
0.001381
0.001434
0.000884
0.001078
0.001556
0.001501
0.001217
0.001150
0.001236
0.001076
0.001113
0.001354
0.001301
0.001094
0.001516
0.001438
0.001459
0.001245
0.001153
0.001206
0.000839
0.001239
0.001247
0.001218
0.001256
0.001452
0.001420
0.000951
0.001101
0.001454
0.001283
0.001111
0.001064
0.001578
0.001168
0.001039
0.001482
0.001417
0.001265
0.001155
0.001450
0.001030
0.001130
0.001280
0.000854
0.001212
0.001083
0.001608
0.001392
0.001459
0.001390
0.001079
0.001745
0.001671
0.001750
0.001583
0.001670
0.001143
0.001507
0.001089
0.001058
0.001291
0.001103
0.000986
0.001261
0.001154
0.001378
0.001395
0.001452
0.001171
0.001186
0.001117
0.001245
0.001660
0.001500
0.001242
0.001751
0.000942
0.001494
0.001178
0.001560
0.001231
0.001308
0.001470
0.001248
0.001087
0.001493
0.001426
0.001256
0.001267
0.001164
0.001376
0.001289
0.001201
0.001649
0.001319
0.001088
0.001146
0.001177
0.001474
0.001185
0.001163
0.000955
0.001448
0.001642
0.001177
0.001303
0.001005
0.001401
0.001369
0.001094
0.001111
0.001286
0.001373
0.001228
0.001652
0.000972
0.001007
0.000905
0.001598
0.001073
0.001258
0.001776
0.001360
0.000981
0.001760
0.001361
0.001623
0.001330
0.001201
0.001135
0.001371
0.001496
0.001253
0.000950
0.001810
0.001133
0.001106
0.001046
0.001085
0.001642
0.001357
0.001302
0.000982
0.001066
0.001895
0.001129
0.001531
0.001129
0.001184
0.001106
0.001556
0.001452
0.001120
0.001185
0.001375
0.001021
0.001195
0.001399
0.001120
0.001111
0.001204
0.001010
0.001107
0.001010
0.000988
0.001196
0.001243
0.001716
0.001008
0.001493
0.001175
0.001062
0.001507
0.001515
0.001347
0.001288
0.001056
0.000660
0.000898
0.001173
0.001501
0.001164
0.001163
0.001220
0.001614
0.001138
0.000921
0.001371
0.000825
0.000883
0.001620
0.001367
0.001270
0.001118
0.001473
0.001154
0.001482
0.001481
0.001062
0.001183
0.001256
0.001576
0.001277
0.001413
0.001139
0.000883
0.001455
0.001175
0.001487
0.001376
0.001268
0.001392
0.001413
0.001535
0.001129
0.001037
0.001381
0.001129
0.001261
0.001099
0.001340
0.000924
0.001197
0.001343
0.001197
0.001282
0.001567
0.001365
0.001136
0.001012
0.001532
0.001709
0.001446
0.001348
0.001555
0.001275
0.001521
0.001302
0.001327
0.001337
0.001372
0.001243
0.001193
0.001489
0.001247
0.001424
0.001379
0.001490
0.001286
0.001315
0.001195
0.001174
0.001355
0.001482
0.001140
0.001635
0.001029
0.001605
0.001201
0.001258
0.001387
0.001012
0.001075
0.001460
0.001451
0.001676
0.001019
0.001151
0.001273
0.001194
0.001217
0.001379
0.001230
0.000899
0.000827
0.001244
0.000866
0.001138
0.001378
0.000877
0.001021
0.001492
0.001200
0.001372
0.001362
0.001405
0.001055
0.001201
0.001294
0.001458
0.001194
0.001395
0.001073
0.001142
0.001447
0.001229
0.001247
0.001237
0.000823
0.001084
0.001011
0.001113
0.001277
0.001276
0.001488
0.000955
0.001016
0.001189
0.001364
0.001314
0.001112
0.001102
0.001467
0.001049
0.001100
0.001560
0.001543
0.000961
0.000958
0.001257
0.001678
0.001311
0.001038
0.001455
0.001476
0.001226
0.001257
0.001279
0.001202
0.001220
0.001488
0.001574
0.001363
0.001326
0.001039
0.001525
0.001319
0.001244
0.001115
0.001407
0.001217
0.000739
0.001111
0.001195
0.000952
0.001649
0.000989
0.001199
0.001406
0.001535
0.001647
0.001402
0.001109
0.001604
0.000921
0.001504
0.000681
0.001601
0.001167
0.001188
0.000949
0.001338
0.000805
0.001360
0.001327
0.001374
0.001210
0.000936
0.001219
0.001408
0.001139
0.001215
0.001450
0.001203
0.001136
0.001243
0.000985
0.001057
0.001219
0.000959
0.001081
0.001352
0.001484
0.001455
0.001064
0.001195
0.001050
0.000782
0.001133
0.000851
0.001180
0.001535
0.001205
0.001458
0.001570
0.001355
0.001602
0.001503
0.001311
0.001347
0.001193
0.001620
0.001269
0.001023
0.001195
0.000978
0.000760
0.001081
0.001141
0.001275
0.000905
0.000891
0.000981
0.001284
0.001192
0.001526
0.001435
0.001095
0.000724
0.001252
0.001121
0.001468
0.000845
0.000994
0.001314
0.001291
0.001826
0.001288
0.000913
0.001248
0.001450
0.001384
0.001041
0.000937
0.001195
0.000953
0.001396
0.001271
0.001226
0.000790
0.001678
0.001238
0.001192
0.001349
0.001362
0.001482
0.001265
0.001386
0.000944
0.001023
0.001112
0.001457
0.001316
0.001446
0.001092
0.001410
0.001290
0.001548
0.001201
0.001415
0.001133
0.001218
0.001001
0.001338
0.001596
0.000906
0.000993
0.000965
0.001386
0.001143
0.001213
0.000945
0.001412
0.001183
0.001184
0.001342
0.001215
0.001076
0.001444
0.001592
0.001200
0.001232
0.001452
0.001125
0.000977
0.001077
0.001170
0.001358
0.000869
0.001483
0.000955
0.000963
0.001106
0.001153
0.001378
0.000918
0.000989
0.001225
0.001185
0.001495
0.001040
0.001039
0.001540
0.001137
0.001466
0.001246
0.001375
0.001245
0.000941
0.001175
0.001396
0.001076
0.001191
0.001355
0.001205
0.000900
0.001541
0.001024
0.001486
0.001191
0.001509
0.001178
0.001233
0.001285
0.001198
0.000950
0.001099
0.001172
0.001456
0.001260
0.001320
0.000977
0.001133
0.001287
0.001372
0.000888
0.001065
0.001345
0.001209
0.001275
0.001204
0.001528
0.001325
0.001440
0.001321
0.001039
0.000949
0.000796
0.001245
0.001147
0.001034
0.001127
0.001176
0.001408
0.000986
0.001502
0.000976
0.001236
0.001129
0.001062
0.001663
0.000839
0.001113
0.001078
0.001281
0.001251
0.001278
0.001041
0.001309
0.001044
0.001237
0.001176
0.001125
0.001112
0.001228
0.001477
0.000906
0.001628
0.001802
0.001182
0.001708
0.001236
0.001326
0.001303
0.001355
0.001089
0.001454
0.001131
0.001167
0.001229
0.001477
0.001261
0.001603
0.001215
0.001259
0.001249
0.000857
0.001214
0.001006
0.001782
0.001315
0.001412
0.001246
0.001636
0.000992
0.000876
0.001198
0.001318
0.001428
0.001576
0.001208
0.001191
0.001274
0.001647
0.001255
0.001438
0.001257
0.001166
0.001038
0.001270
0.000995
0.001217
0.001402
0.001254
0.001587
0.001315
0.001321
0.001224
0.001332
0.001428
0.001493
0.000952
0.000876
0.001323
0.001393
0.001344
0.001830
0.001421
0.001072
0.001089
0.001355
0.001241
0.001158
0.001303
0.001890
0.001493
0.001410
0.000934
0.001475
0.001374
0.001054
0.001040
0.001407
0.001316
0.001169
0.001004
0.001465
0.001346
0.000989
0.000757
0.000949
0.001136
0.001154
0.001392
0.001049
0.001139
0.001694
0.001166
0.001239
0.001298
0.001340
0.001159
0.001561
0.001101
0.001582
0.001368
0.001239
0.001258
0.001284
0.001650
0.001805
0.001050
0.001137
0.001049
0.001257
0.001405
0.001001
0.000914
0.001217
0.001385
0.001199
0.000855
0.001334
0.001153
0.001171
0.001288
0.001112
0.000702
0.001542
0.001094
0.001323
0.001105
0.001099
0.001211
0.001256
0.001265
0.001330
0.001632
0.001136
0.001021
0.001003
0.001290
0.001217
0.001413
0.000942
0.001271
0.001127
0.001108
0.000901
0.001255
0.001335
0.001245
0.001180
0.001137
0.001326
0.001291
0.001234
0.001270
0.001206
0.001393
0.001542
0.001313
0.001340
0.001242
0.001181
0.001111
0.001016
0.000998
0.001394
0.000989
0.001431
0.001141
0.001117
0.001216
0.001295
0.001229
0.001379
0.001264
0.001444
0.001001
0.001040
0.001292
0.001143
0.001249
0.001622
0.001194
0.001361
0.001113
0.001293
0.001122
0.001337
0.001396
0.001428
0.001230
0.001010
0.001296
0.000987
0.001422
0.001207
0.001082
0.001342
0.001181
0.001538
0.001432
0.001245
0.001140
0.000943
0.001149
0.001253
0.001045
0.001423
0.001185
0.001344
0.001655
0.001392
0.001153
0.001030
0.001273
0.001198
0.001662
0.001332
0.001315
0.001221
0.001439
0.001033
0.001240
0.001004
0.001300
0.001208
0.001381
0.001434
0.000884
0.001078
0.001556
0.001501
0.001217
0.001150
0.001236
0.001076
0.001113
0.001354
0.001301
0.001094
0.001516
0.001438
0.001459
0.001245
0.001153
0.001206
0.000839
0.001239
0.001247
0.001218
0.001256
0.001452
0.001420
0.000951
0.001101
0.001454
0.001283
0.001111
0.001064
0.001578
0.001168
0.001039
0.001482
0.001417
0.001265
0.001155
0.001450
0.001030
0.001130
0.001280
0.000854
0.001212
0.001083
0.001608
0.001392
0.001459
0.001390
0.001079
0.001745
0.001671
0.001750
0.001583
0.001670
0.001143
0.001507
0.001089
0.001058
0.001291
0.001103
0.000986
0.001261
0.001154
0.001378
0.001395
0.001452
0.001171
0.001186
0.001117
0.001245
0.001660
0.001500
0.001242
0.001751
0.000942
0.001494
0.001178
0.001560
0.001231
0.001308
0.001470
0.001248
0.001087
0.001493
0.001426
0.001256
0.001267
0.001164
0.001376
0.001289
0.001201
0.001649
0.001319
0.001088
0.001146
0.001177
0.001474
0.001185
0.001163
0.000955
0.001448
0.001642
0.001177
0.001303
0.001005
0.001401
0.001369
0.001094
0.001111
0.001286
0.001373
0.001228
0.001652
0.000972
0.001007
0.000905
0.001598
0.001073
0.001258
0.001776
0.001360
0.000981
0.001760
0.001361
0.001623
0.001330
0.001201
0.001135
0.001371
0.001496
0.001253
0.000950
0.001810
0.001133
0.001106
0.001046
0.001085
0.001642
0.001357
0.001302
0.000982
0.001066
0.001895
0.001129
0.001531
0.001129
0.001184
0.001106
0.001556
0.001452
0.001120
0.001185
0.001375
0.001021
0.001195
0.001399
0.001120
0.001111
0.001204
0.001010
0.001107
0.001010
0.000988
0.001196
0.001243
0.001716
0.001008
0.001493
0.001175
0.001062
0.001507
0.001515
0.001347
0.001288
0.001056
0.000660
0.000898
0.001173
0.001501
0.001164
0.001163
0.001220
0.001614
0.001138
0.000921
0.001371
0.000825
0.000883
0.001620
0.001367
0.001270
0.001118
0.001473
0.001154
0.001482
0.001481
0.001062
0.001183
0.001256
0.001576
0.001277
0.001413
0.001139
0.000883
0.001455
0.001175
0.001487
0.001376
0.001268
0.001392
0.001413
0.001535
0.001129
0.001037
0.001381
0.001129
0.001261
0.001099
0.001340
0.000924
0.001197
0.001343
0.001197
0.001282
0.001567
0.001365
0.001136
0.001012
0.001532
0.001709
0.001446
0.001348
0.001555
0.001275
0.001521
0.001302
0.001327
0.001337
0.001372
0.001243
0.001193
0.001489
0.001247
0.001424
0.001379
0.001490
0.001286
0.001315
0.001195
0.001174
0.001355
0.001482
0.001140
0.001635
0.001029
0.001605
0.001201
0.001258
0.001387
0.001012
0.001075
0.001460
0.001451
0.001676
0.001019
0.001151
0.001273
0.001194
0.001217
0.001379
0.001230
0.000899
0.000827
0.001244
0.000866
0.001138
0.001378
0.000877
0.001021
0.001492
0.001200
0.001372
0.001362
0.001405
0.001055
0.001201
0.001294
0.001458
0.001194
0.001395
0.001073
0.001142
0.001447
0.001229
0.001247
0.001237
0.000823
0.001084
0.001011
0.001113
0.001277
0.001276
0.001488
0.000955
0.001016
0.001189
0.001364
0.001314
0.001112
0.001102
0.001467
0.001049
0.001100
0.001560
0.001543
0.000961
0.000958
0.001257
0.001678
0.001311
0.001038
0.001455
0.001476
0.001226
0.001257
0.001279
0.001202
0.001220
0.001488
0.001574
0.001363
0.001326
0.001039
0.001525
0.001319
0.001244
0.001115
0.001407
0.001217
0.000739
0.001111
0.001195
0.000952
0.001649
0.000989
0.001199
0.001406
0.001535
0.001647
0.001402
0.001109
0.001604
0.000921
0.001504
0.000681
0.001601
0.001167
0.001188
0.000949
0.001338
0.000805
0.001360
0.001327
0.001374
0.001210
0.000936
0.001219
0.001408
0.001139
0.001215
0.001450
0.001203
0.001136
0.001243
0.000985
0.001057
0.001219
0.000959
0.001081
0.001352
0.001484
0.001455
0.001064
0.001195
0.001050
0.000782
0.001133
0.000851
0.001180
0.001535
0.001205
0.001458
0.001570
0.001355
0.001602
0.001503
0.001311
0.001347
0.001193
0.001620
0.001269
0.001023
0.001195
0.000978
0.000760
0.001081
0.001141
0.001275
0.000905
0.000891
0.000981
0.001284
0.001192
0.001526
0.001435
0.001095
0.000724
0.001252
0.001121
0.001468
0.000845
0.000994
0.001314
0.001291
0.001826
0.001288
0.000913
0.001248
0.001450
0.001384
0.001041
0.000937
0.001195
0.000953
0.001396
0.001271
0.001226
0.000790
0.001678
0.001238
0.001192
0.001349
0.001362
0.001482
0.001265
0.001386
0.000944
0.001023
0.001112
0.001457
0.001316
0.001446
0.001092
0.001410
0.001290
0.001548
0.001201
0.001415
0.001133
0.001218
0.001001
0.001338
0.001596
0.000906
0.000993
0.000965
0.001386
0.001143
0.001213
0.000945
0.001412
0.001183
0.001184
0.001342
0.001215
0.001076
0.001444
0.001592
0.001200
0.001232
0.001452
0.001125
0.000977
0.001077
0.001170
0.001358
0.000869
0.001483
0.000955
0.000963
0.001106
0.001153
0.001378
0.000918
0.000989
0.001225
0.001185
0.001495
0.001040
0.001039
0.001540
0.001137
0.001466
0.001246
0.001375
0.001245
0.000941
0.001175
0.001396
0.001076
0.001191
0.001355
0.001205
0.000900
0.001541
0.001024
0.001486
0.001191
0.001509
0.001178
0.001233
0.001285
0.001198
0.000950
0.001099
0.001172
0.001456
0.001260
0.001320
0.000977
0.001133
0.001287
0.001372
0.000888
0.001065
0.001345
0.001209
0.001275
0.001204
0.001528
0.001325
0.001440
0.001321
0.001039
0.000949
0.000796
0.001245
0.001147
0.001034
0.001127
0.001176
0.001408
0.000986
0.001502
0.000976
0.001236
0.001129
0.001062
0.001663
0.000839
0.001113
0.001078
0.001281
0.001251
0.001278
0.001041
0.001309
0.001044
0.001237
0.001176
0.001125
0.001112
0.001228
0.001477
0.000906
0.001628
0.001802
0.001182
0.001708
0.001236
0.001326
0.001303
0.001355
0.001089
0.001454
0.001131
0.001167
0.001229
0.001477
0.001261
0.001603
0.001215
0.001259
0.001249
0.000857
0.001214
0.001006
0.001782
0.001315
0.001412
0.001246
0.001636
0.000992
0.000876
0.001198
0.001318
0.001428
0.001576
0.001208
0.001191
0.001274
0.001647
0.001255
0.001438
0.001257
0.001166
0.001038
0.001270
0.000995
0.001217
0.001402
0.001254
0.001587
0.001315
0.001321
0.001224
0.001332
0.001428
0.001493
0.000952
0.000876
0.001323
0.001393
0.001344
0.001830
0.001421
0.001072
0.001089
0.001355
0.001241
0.001158
0.001303
0.001890
0.001493
0.001410
0.000934
0.001475
0.001374
0.001054
0.001040
0.001407
0.001316
0.001169
0.001004
0.001465
0.001346
0.000989
0.000757
0.000949
0.001136
0.001154
0.001392
0.001049
0.001139
0.001694
0.001166
0.001239
0.001298
0.001340
0.001159
0.001561
0.001101
0.001582
0.001368
0.001239
0.001258
0.001284
0.001650
0.001805
0.001050
0.001137
0.001049
0.001257
0.001405
0.001001
0.000914
0.001217
0.001385
0.001199
0.000855
0.001334
0.001153
0.001171
0.001288
0.001112
0.000702
0.001542
0.001094
0.001323
0.001105
0.001099
0.001211
0.001256
0.001265
0.001330
0.001632
0.001136
0.001021
0.001003
0.001290
0.001217
0.001413
0.000942
0.001271
0.001127
0.001108
0.000901
0.001255
0.001335
0.001245
0.001180
0.001137
0.001326
0.001291
0.001234
0.001270
0.001206
0.001393
0.001542
0.001313
0.001340
0.001242
0.001181
0.001111
0.001016
0.000998
0.001394
0.000989
0.001431
0.001141
0.001117
0.001216
0.001295
0.001229
0.001379
0.001264
0.001444
0.001001
0.001040
0.001292
0.001143
0.001249
0.001622
0.001194
0.001361
0.001113
0.001293
0.001122
0.001337
0.001396
0.001428
0.001230
0.001010
0.001296
0.000987
0.001422
0.001207
0.001082
0.001342
0.001181
0.001538
0.001432
0.001245
0.001140
0.000943
0.001149
0.001253
0.001045
0.001423
0.001185
0.001344
0.001655
0.001392
0.001153
0.001030
0.001273
0.001198
0.001662
0.001332
0.001315
0.001221
0.001439
0.001033
0.001240
0.001004
0.001300
0.001208
0.001381
0.001434
0.000884
0.001078
0.001556
0.001501
0.001217
0.001150
0.001236
0.001076
0.001113
0.001354
0.001301
0.001094
0.001516
0.001438
0.001459
0.001245
0.001153
0.001206
0.000839
0.001239
0.001247
0.001218
0.001256
0.001452
0.001420
0.000951
0.001101
0.001454
0.001283
0.001111
0.001064
0.001578
0.001168
0.001039
0.001482
0.001417
0.001265
0.001155
0.001450
0.001030
0.001130
0.001280
0.000854
0.001212
0.001083
0.001608
0.001392
0.001459
0.001390
0.001079
0.001745
0.001671
0.001750
0.001583
0.001670
0.001143
0.001507
0.001089
0.001058
0.001291
0.001103
0.000986
0.001261
0.001154
0.001378
0.001395
0.001452
0.001171
0.001186
0.001117
0.001245
0.001660
0.001500
0.001242
0.001751
0.000942
0.001494
0.001178
0.001560
0.001231
0.001308
0.001470
0.001248
0.001087
0.001493
0.001426
0.001256
0.001267
0.001164
0.001376
0.001289
0.001201
0.001649
0.001319
0.001088
0.001146
0.001177
0.001474
0.001185
0.001163
0.000955
0.001448
0.001642
0.001177
0.001303
0.001005
0.001401
0.001369
0.001094
0.001111
0.001286
0.001373
0.001228
0.001652
0.000972
0.001007
0.000905
0.001598
0.001073
0.001258
0.001776
0.001360
0.000981
0.001760
0.001361
0.001623
0.001330
0.001201
0.001135
0.001371
0.001496
0.001253
0.000950
0.001810
0.001133
0.001106
0.001046
0.001085
0.001642
0.001357
0.001302
0.000982
0.001066
0.001895
0.001129
0.001531
0.001129
0.001184
0.001106
0.001556
0.001452
0.001120
0.001185
0.001375
0.001021
0.001195
0.001399
0.001120
0.001111
0.001204
0.001010
0.001107
0.001010
0.000988
0.001196
0.001243
0.001716
0.001008
0.001493
0.001175
0.001062
0.001507
0.001515
0.001347
0.001288
0.001056
0.000660
0.000898
0.001173
0.001501
0.001164
0.001163
0.001220
0.001614
0.001138
0.000921
0.001371
0.000825
0.000883
0.001620
0.001367
0.001270
0.001118
0.001473
0.001154
0.001482
0.001481
0.001062
0.001183
0.001256
0.001576
0.001277
0.001413
0.001139
0.000883
0.001455
0.001175
0.001487
0.001376
0.001268
0.001392
0.001413
0.001535
0.001129
0.001037
0.001381
0.001129
0.001261
0.001099
0.001340
0.000924
0.001197
0.001343
0.001197
0.001282
0.001567
0.001365
0.001136
0.001012
0.001532
0.001709
0.001446
0.001348
0.001555
0.001275
0.001521
0.001302
0.001327
0.001337
0.001372
0.001243
0.001193
0.001489
0.001247
0.001424
0.001379
0.001490
0.001286
0.001315
0.001195
0.001174
0.001355
0.001482
0.001140
0.001635
0.001029
0.001605
0.001201
0.001258
0.001387
0.001012
0.001075
0.001460
0.001451
0.001676
0.001019
0.001151
0.001273
0.001194
0.001217
0.001379
0.001230
0.000899
0.000827
0.001244
0.000866
0.001138
0.001378
0.000877
0.001021
0.001492
0.001200
0.001372
0.001362
0.001405
0.001055
0.001201
0.001294
0.001458
0.001194
0.001395
0.001073
0.001142
0.001447
0.001229
0.001247
0.001237
0.000823
0.001084
0.001011
0.001113
0.001277
0.001276
0.001488
0.000955
0.001016
0.001189
0.001364
0.001314
0.001112
0.001102
0.001467
0.001049
0.001100
0.001560
0.001543
0.000961
0.000958
0.001257
0.001678
0.001311
0.001038
0.001455
0.001476
0.001226
0.001257
0.001279
0.001202
0.001220
0.001488
0.001574
0.001363
0.001326
0.001039
0.001525
0.001319
0.001244
0.001115
0.001407
0.001217
0.000739
0.001111
0.001195
0.000952
0.001649
0.000989
0.001199
0.001406
0.001535
0.001647
0.001402
0.001109
0.001604
0.000921
0.001504
0.000681
0.001601
0.001167
0.001188
0.000949
0.001338
0.000805
0.001360
0.001327
0.001374
0.001210
0.000936
0.001219
0.001408
0.001139
0.001215
0.001450
0.001203
0.001136
0.001243
0.000985
0.001057
0.001219
0.000959
0.001081
0.001352
0.001484
0.001455
0.001064
0.001195
0.001050
0.000782
0.001133
0.000851
0.001180
0.001535
0.001205
0.001458
0.001570
0.001355
0.001602
0.001503
0.001311
0.001347
0.001193
0.001620
0.001269
0.001023
0.001195
0.000978
0.000760
0.001081
0.001141
0.001275
0.000905
0.000891
0.000981
0.001284
0.001192
0.001526
0.001435
0.001095
0.000724
0.001252
0.001121
0.001468
0.000845
0.000994
0.001314
0.001291
0.001826
0.001288
0.000913
0.001248
0.001450
0.001384
0.001041
0.000937
0.001195
0.000953
0.001396
0.001271
0.001226
0.000790
0.001678
0.001238
0.001192
0.001349
0.001362
0.001482
0.001265
0.001386
0.000944
0.001023
0.001112
0.001457
0.001316
0.001446
0.001092
0.001410
0.001290
0.001548
0.001201
0.001415
0.001133
0.001218
0.001001
0.001338
0.001596
0.000906
0.000993
0.000965
0.001386
0.001143
0.001213
0.000945
0.001412
0.001183
0.001184
0.001342
0.001215
0.001076
0.001444
0.001592
0.001200
0.001232
0.001452
0.001125
0.000977
0.001077
0.001170
0.001358
0.000869
0.001483
0.000955
0.000963
0.001106
0.001153
0.001378
0.000918
0.000989
0.001225
0.001185
0.001495
0.001040
0.001039
0.001540
0.001137
0.001466
0.001246
0.001375
0.001245
0.000941
0.001175
0.001396
0.001076
0.001191
0.001355
0.001205
0.000900
0.001541
0.001024
0.001486
0.001191
0.001509
0.001178
0.001233
0.001285
0.001198
0.000950
0.001099
0.001172
0.001456
0.001260
0.001320
0.000977
0.001133
0.001287
0.001372
0.000888
0.001065
0.001345
0.001209
0.001275
0.001204
0.001528
0.001325
0.001440
0.001321
0.001039
0.000949
0.000796
0.001245
0.001147
0.001034
0.001127
0.001176
0.001408
0.000986
0.001502
0.000976
0.001236
0.001129
0.001062
0.001663
0.000839
0.001113
0.001078
0.001281
0.001251
0.001278
0.001041
0.001309
0.001044
0.001237
0.001176
0.001125
0.001112
0.001228
0.001477
0.000906
0.001628
0.001802
0.001182
0.001708
0.001236
0.001326
0.001303
0.001355
0.001089
0.001454
0.001131
0.001167
0.001229
0.001477
0.001261
0.001603
0.001215
0.001259
0.001249
0.000857
0.001214
0.001006
0.001782
0.001315
0.001412
0.001246
0.001636
0.000992
0.000876
0.001198
0.001318
0.001428
0.001576
0.001208
0.001191
0.001274
0.001647
0.001255
0.001438
0.001257
0.001166
0.001038
0.001270
0.000995
0.001217
0.001402
0.001254
0.001587
0.001315
0.001321
0.001224
0.001332
0.001428
0.001493
0.000952
0.000876
0.001323
0.001393
0.001344
0.001830
0.001421
0.001072
0.001089
0.001355
0.001241
0.001158
0.001303
0.001890
0.001493
0.001410
0.000934
0.001475
0.001374
0.001054
0.001040
0.001407
0.001316
0.001169
0.001004
0.001465
0.001346
0.000989
0.000757
0.000949
0.001136
0.001154
0.001392
0.001049
0.001139
0.001694
0.001166
0.001239
0.001298
0.001340
0.001159
0.001561
0.001101
0.001582
0.001368
0.001239
0.001258
0.001284
0.001650
0.001805
0.001050
0.001137
0.001049
0.001257
0.001405
0.001001
0.000914
0.001217
0.001385
0.001199
0.000855
0.001334
0.001153
0.001171
0.001288
0.001112
0.000702
0.001542
0.001094
0.001323
0.001105
0.001099
0.001211
0.001256
0.001265
0.001330
0.001632
0.001136
0.001021
0.001003
0.001290
0.001217
0.001413
0.000942
0.001271
0.001127
0.001108
0.000901
0.001255
0.001335
0.001245
0.001180
0.001137
0.001326
0.001291
0.001234
0.001270
0.001206
0.001393
0.001542
0.001313
0.001340
0.001242
0.001181
0.001111
0.001016
0.000998
0.001394
0.000989
0.001431
0.001141
0.001117
0.001216
0.001295
0.001229
0.001379
0.001264
0.001444
0.001001
0.001040
0.001292
0.001143
0.001249
0.001622
0.001194
0.001361
0.001113
0.001293
0.001122
0.001337
0.001396
0.001428
0.001230
0.001010
0.001296
0.000987
0.001422
0.001207
0.001082
0.001342
0.001181
0.001538
0.001432
0.001245
0.001140
0.000943
0.001149
0.001253
0.001045
0.001423
0.001185
0.001344
0.001655
0.001392
0.001153
0.001030
0.001273
0.001198
0.001662
0.001332
0.001315
0.001221
0.001439
0.001033
0.001240
0.001004
0.001300
0.001208
0.001381
0.001434
0.000884
0.001078
0.001556
0.001501
0.001217
0.001150
0.001236
0.001076
0.001113
0.001354
0.001301
0.001094
0.001516
0.001438
0.001459
0.001245
0.001153
0.001206
0.000839
0.001239
0.001247
0.001218
0.001256
0.001452
0.001420
0.000951
0.001101
0.001454
0.001283
0.001111
0.001064
0.001578
0.001168
0.001039
0.001482
0.001417
0.001265
0.001155
0.001450
0.001030
0.001130
0.001280
0.000854
0.001212
0.001083
0.001608
0.001392
0.001459
0.001390
0.001079
0.001745
0.001671
0.001750
0.001583
0.001670
0.001143
0.001507
0.001089
0.001058
0.001291
0.001103
0.000986
0.001261
0.001154
0.001378
0.001395
0.001452
0.001171
0.001186
0.001117
0.001245
0.001660
0.001500
0.001242
0.001751
0.000942
0.001494
0.001178
0.001560
0.001231
0.001308
0.001470
0.001248
0.001087
0.001493
0.001426
0.001256
0.001267
0.001164
0.001376
0.001289
0.001201
0.001649
0.001319
0.001088
0.001146
0.001177
0.001474
0.001185
0.001163
0.000955
0.001448
0.001642
0.001177
0.001303
0.001005
0.001401
0.001369
0.001094
0.001111
0.001286
0.001373
0.001228
0.001652
0.000972
0.001007
0.000905
0.001598
0.001073
0.001258
0.001776
0.001360
0.000981
0.001760
0.001361
0.001623
0.001330
0.001201
0.001135
0.001371
0.001496
0.001253
0.000950
0.001810
0.001133
0.001106
0.001046
0.001085
0.001642
0.001357
0.001302
0.000982
0.001066
0.001895
0.001129
0.001531
0.001129
0.001184
0.001106
0.001556
0.001452
0.001120
0.001185
0.001375
0.001021
0.001195
0.001399
0.001120
0.001111
0.001204
0.001010
0.001107
0.001010
0.000988
0.001196
0.001243
0.001716
0.001008
0.001493
0.001175
0.001062
0.001507
0.001515
0.001347
0.001288
0.001056
0.000660
0.000898
0.001173
0.001501
0.001164
0.001163
0.001220
0.001614
0.001138
0.000921
0.001371
0.000825
0.000883
0.001620
0.001367
0.001270
0.001118
0.001473
0.001154
0.001482
0.001481
0.001062
0.001183
0.001256
0.001576
0.001277
0.001413
0.001139
0.000883
0.001455
0.001175
0.001487
0.001376
0.001268
0.001392
0.001413
0.001535
0.001129
0.001037
0.001381
0.001129
0.001261
0.001099
0.001340
0.000924
0.001197
0.001343
0.001197
0.001282
0.001567
0.001365
0.001136
0.001012
0.001532
0.001709
0.001446
0.001348
0.001555
0.001275
0.001521
0.001302
0.001327
0.001337
0.001372
0.001243
0.001193
0.001489
0.001247
0.001424
0.001379
0.001490
0.001286
0.001315
0.001195
0.001174
0.001355
0.001482
0.001140
0.001635
0.001029
0.001605
0.001201
0.001258
0.001387
0.001012
0.001075
0.001460
0.001451
0.001676
0.001019
0.001151
0.001273
0.001194
0.001217
0.001379
0.001230
0.000899
0.000827
0.001244
0.000866
0.001138
0.001378
0.000877
0.001021
0.001492
0.001200
0.001372
0.001362
0.001405
0.001055
0.001201
0.001294
0.001458
0.001194
0.001395
0.001073
0.001142
0.001447
0.001229
0.001247
0.001237
0.000823
0.001084
0.001011
0.001113
0.001277
0.001276
0.001488
0.000955
0.001016
0.001189
0.001364
0.001314
0.001112
0.001102
0.001467
0.001049
0.001100
0.001560
0.001543
0.000961
0.000958
0.001257
0.001678
0.001311
0.001038
0.001455
0.001476
0.001226
0.001257
0.001279
0.001202
0.001220
0.001488
0.001574
0.001363
0.001326
0.001039
0.001525
0.001319
0.001244
0.001115
0.001407
0.001217
0.000739
0.001111
0.001195
0.000952
0.001649
0.000989
0.001199
0.001406
0.001535
0.001647
0.001402
0.001109
0.001604
0.000921
0.001504
0.000681
0.001601
0.001167
0.001188
0.000949
0.001338
0.000805
0.001360
0.001327
0.001374
0.001210
0.000936
0.001219
0.001408
0.001139
0.001215
0.001450
0.001203
0.001136
0.001243
0.000985
0.001057
0.001219
0.000959
0.001081
0.001352
0.001484
0.001455
0.001064
0.001195
0.001050
0.000782
0.001133
0.000851
0.001180
0.001535
0.001205
0.001458
0.001570
0.001355
0.001602
0.001503
0.001311
0.001347
0.001193
0.001620
0.001269
0.001023
0.001195
0.000978
0.000760
0.001081
0.001141
0.001275
0.000905
0.000891
0.000981
0.001284
0.001192
0.001526
0.001435
0.001095
0.000724
0.001252
0.001121
0.001468
0.000845
0.000994
0.001314
0.001291
0.001826
0.001288
0.000913
0.001248
0.001450
0.001384
0.001041
0.000937
0.001195
0.000953
0.001396
0.001271
0.001226
0.000790
0.001678
0.001238
0.001192
0.001349
0.001362
0.001482
0.001265
0.001386
0.000944
0.001023
0.001112
0.001457
0.001316
0.001446
0.001092
0.001410
0.001290
0.001548
0.001201
0.001415
0.001133
0.001218
0.001001
0.001338
0.001596
0.000906
0.000993
0.000965
0.001386
0.001143
0.001213
0.000945
0.001412
0.001183
0.001184
0.001342
0.001215
0.001076
0.001444
0.001592
0.001200
0.001232
0.001452
0.001125
0.000977
0.001077
0.001170
0.001358
0.000869
0.001483
0.000955
0.000963
0.001106
0.001153
0.001378
0.000918
0.000989
0.001225
0.001185
0.001495
0.001040
0.001039
0.001540
0.001137
0.001466
0.001246
0.001375
0.001245
0.000941
0.001175
0.001396
0.001076
0.001191
0.001355
0.001205
0.000900
0.001541
0.001024
0.001486
0.001191
0.001509
0.001178
0.001233
0.001285
0.001198
0.000950
0.001099
0.001172
0.001456
0.001260
0.001320
0.000977
0.001133
0.001287
0.001372
0.000888
0.001065
0.001345
0.001209
0.001275
0.001204
0.001528
0.001325
0.001440
0.001321
0.001039
0.000949
0.000796
0.001245
0.001147
0.001034
0.001127
0.001176
0.001408
0.000986
0.001502
0.000976
0.001236
0.001129
0.001062
0.001663
0.000839
0.001113
0.001078
0.001281
0.001251
0.001278
0.001041
0.001309
0.001044
0.001237
0.001176
0.001125
0.001112
0.001228
0.001477
0.000906
0.001628
0.001802
0.001182
0.001708
0.001236
0.001326
0.001303
0.001355
0.001089
0.001454
0.001131
0.001167
0.001229
0.001477
0.001261
0.001603
0.001215
0.001259
0.001249
0.000857
0.001214
0.001006
0.001782
0.001315
0.001412
0.001246
0.001636
0.000992
0.000876
0.001198
0.001318
0.001428
0.001576
0.001208
0.001191
0.001274
0.001647
0.001255
0.001438
0.001257
0.001166
0.001038
0.001270
0.000995
0.001217
0.001402
0.001254
0.001587
0.001315
0.001321
0.001224
0.001332
0.001428
0.001493
0.000952
0.000876
0.001323
0.001393
0.001344
0.001830
0.001421
0.001072
0.001089
0.001355
0.001241
0.001158
0.001303
0.001890
0.001493
0.001410
0.000934
0.001475
0.001374
0.001054
0.001040
0.001407
0.001316
0.001169
0.001004
0.001465
0.001346
0.000989
0.000757
0.000949
0.001136
0.001154
0.001392
0.001049
0.001139
0.001694
0.001166
0.001239
0.001298
0.001340
0.001159
0.001561
0.001101
0.001582
0.001368
0.001239
0.001258
0.001284
0.001650
0.001805
0.001050
0.001137
0.001049
0.001257
0.001405
0.001001
0.000914
0.001217
0.001385
0.001199
0.000855
0.001334
0.001153
0.001171
0.001288
0.001112
0.000702
0.001542
0.001094
0.001323
0.001105
0.001099
0.001211
0.001256
0.001265
0.001330
0.001632
0.001136
0.001021
0.001003
0.001290
0.001217
0.001413
0.000942
0.001271
0.001127
0.001108
0.000901
0.001255
0.001335
0.001245
0.001180
0.001137
0.001326
0.001291
0.001234
0.001270
0.001206
0.001393
0.001542
0.001313
0.001340
0.001242
0.001181
0.001111
0.001016
0.000998
0.001394
0.000989
0.001431
0.001141
0.001117
0.001216
0.001295
0.001229
0.001379
0.001264
0.001444
0.001001
0.001040
0.001292
0.001143
0.001249
0.001622
0.001194
0.001361
0.001113
0.001293
0.001122
0.001337
0.001396
0.001428
0.001230
0.001010
0.001296
0.000987
0.001422
0.001207
0.001082
0.001342
0.001181
0.001538
0.001432
0.001245
0.001140
0.000943
0.001149
0.001253
0.001045
0.001423
0.001185
0.001344
0.001655
0.001392
0.001153
0.001030
0.001273
0.001198
0.001662
0.001332
0.001315
0.001221
0.001439
0.001033
0.001240
0.001004
0.001300
0.001208
0.001381
0.001434
0.000884
0.001078
0.001556
0.001501
0.001217
0.001150
0.001236
0.001076
0.001113
0.001354
0.001301
0.001094
0.001516
0.001438
0.001459
0.001245
0.001153
0.001206
0.000839
0.001239
0.001247
0.001218
0.001256
0.001452
0.001420
0.000951
0.001101
0.001454
0.001283
0.001111
0.001064
0.001578
0.001168
0.001039
0.001482
0.001417
0.001265
0.001155
0.001450
0.001030
0.001130
0.001280
0.000854
0.001212
0.001083
0.001608
0.001392
0.001459
0.001390
0.001079
0.001745
0.001671
0.001750
0.001583
0.001670
0.001143
0.001507
0.001089
0.001058
0.001291
0.001103
0.000986
0.001261
0.001154
0.001378
0.001395
0.001452
0.001171
0.001186
0.001117
0.001245
0.001660
0.001500
0.001242
0.001751
0.000942
0.001494
0.001178
0.001560
0.001231
0.001308
0.001470
0.001248
0.001087
0.001493
0.001426
0.001256
0.001267
0.001164
0.001376
0.001289
0.001201
0.001649
0.001319
0.001088
0.001146
0.001177
0.001474
0.001185
0.001163
0.000955
0.001448
0.001642
0.001177
0.001303
0.001005
0.001401
0.001369
0.001094
0.001111
0.001286
0.001373
0.001228
0.001652
0.000972
0.001007
0.000905
0.001598
0.001073
0.001258
0.001776
0.001360
0.000981
0.001760
0.001361
0.001623
0.001330
0.001201
0.001135
0.001371
0.001496
0.001253
0.000950
0.001810
0.001133
0.001106
0.001046
0.001085
0.001642
0.001357
0.001302
0.000982
0.001066
0.001895
0.001129
0.001531
0.001129
0.001184
0.001106
0.001556
0.001452
0.001120
0.001185
0.001375
0.001021
0.001195
0.001399
0.001120
0.001111
0.001204
0.001010
0.001107
0.001010
0.000988
0.001196
0.001243
0.001716
0.001008
0.001493
0.001175
0.001062
0.001507
0.001515
0.001347
0.001288
0.001056
0.000660
0.000898
0.001173
0.001501
0.001164
0.001163
0.001220
0.001614
0.001138
0.000921
0.001371
0.000825
0.000883
0.001620
0.001367
0.001270
0.001118
0.001473
0.001154
0.001482
0.001481
0.001062
0.001183
0.001256
0.001576
0.001277
0.001413
0.001139
0.000883
0.001455
0.001175
0.001487
0.001376
0.001268
0.001392
0.001413
0.001535
0.001129
0.001037
0.001381
0.001129
0.001261
0.001099
0.001340
0.000924
0.001197
0.001343
0.001197
0.001282
0.001567
0.001365
0.001136
0.001012
0.001532
0.001709
0.001446
0.001348
0.001555
0.001275
0.001521
0.001302
0.001327
0.001337
0.001372
0.001243
0.001193
0.001489
0.001247
0.001424
0.001379
0.001490
0.001286
0.001315
0.001195
0.001174
0.001355
0.001482
0.001140
0.001635
0.001029
0.001605
0.001201
0.001258
0.001387
0.001012
0.001075
0.001460
0.001451
0.001676
0.001019
0.001151
0.001273
0.001194
0.001217
0.001379
0.001230
0.000899
0.000827
0.001244
0.000866
0.001138
0.001378
0.000877
0.001021
0.001492
0.001200
0.001372
0.001362
0.001405
0.001055
0.001201
0.001294
0.001458
0.001194
0.001395
0.001073
0.001142
0.001447
0.001229
0.001247
0.001237
0.000823
0.001084
0.001011
0.001113
0.001277
0.001276
0.001488
0.000955
0.001016
0.001189
0.001364
0.001314
0.001112
0.001102
0.001467
0.001049
0.001100
0.001560
0.001543
0.000961
0.000958
0.001257
0.001678
0.001311
0.001038
0.001455
0.001476
0.001226
0.001257
0.001279
0.001202
0.001220
0.001488
0.001574
0.001363
0.001326
0.001039
0.001525
0.001319
0.001244
0.001115
0.001407
0.001217
0.000739
0.001111
0.001195
0.000952
0.001649
0.000989
0.001199
0.001406
0.001535
0.001647
0.001402
0.001109
0.001604
0.000921
0.001504
0.000681
0.001601
0.001167
0.001188
0.000949
0.001338
0.000805
0.001360
0.001327
0.001374
0.001210
0.000936
0.001219
0.001408
0.001139
0.001215
0.001450
0.001203
0.001136
0.001243
0.000985
0.001057
0.001219
0.000959
0.001081
0.001352
0.001484
0.001455
0.001064
0.001195
0.001050
0.000782
0.001133
0.000851
0.001180
0.001535
0.001205
0.001458
0.001570
0.001355
0.001602
0.001503
0.001311
0.001347
0.001193
0.001620
0.001269
0.001023
0.001195
0.000978
0.000760
0.001081
0.001141
0.001275
0.000905
0.000891
0.000981
0.001284
0.001192
0.001526
0.001435
0.001095
0.000724
0.001252
0.001121
0.001468
0.000845
0.000994
0.001314
0.001291
0.001826
0.001288
0.000913
0.001248
0.001450
0.001384
0.001041
0.000937
0.001195
0.000953
0.001396
0.001271
0.001226
0.000790
0.001678
0.001238
0.001192
0.001349
0.001362
0.001482
0.001265
0.001386
0.000944
0.001023
0.001112
0.001457
0.001316
0.001446
0.001092
0.001410
0.001290
0.001548
0.001201
0.001415
0.001133
0.001218
0.001001
0.001338
0.001596
0.000906
0.000993
0.000965
0.001386
0.001143
0.001213
0.000945
0.001412
0.001183
0.001184
0.001342
0.001215
0.001076
0.001444
0.001592
0.001200
0.001232
0.001452
0.001125
0.000977
0.001077
0.001170
0.001358
0.000869
0.001483
0.000955
0.000963
0.001106
0.001153
0.001378
0.000918
0.000989
0.001225
0.001185
0.001495
0.001040
0.001039
0.001540
0.001137
0.001466
0.001246
0.001375
0.001245
0.000941
0.001175
0.001396
0.001076
0.001191
0.001355
0.001205
0.000900
0.001541
0.001024
0.001486
0.001191
0.001509
0.001178
0.001233
0.001285
0.001198
0.000950
0.001099
0.001172
0.001456
0.001260
0.001320
0.000977
0.001133
0.001287
0.001372
0.000888
0.001065
0.001345
0.001209
0.001275
0.001204
0.001528
0.001325
0.001440
0.001321
0.001039
0.000949
0.000796
0.001245
0.001147
0.001034
0.001127
0.001176
0.001408
0.000986
0.001502
0.000976
0.001236
0.001129
0.001062
0.001663
0.000839
0.001113
0.001078
0.001281
0.001251
0.001278
0.001041
0.001309
0.001044
0.001237
0.001176
0.001125
0.001112
0.001228
0.001477
0.000906
0.001628
0.001802
0.001182
0.001708
0.001236
0.001326
0.001303
0.001355
0.001089
0.001454
0.001131
0.001167
0.001229
0.001477
0.001261
0.001603
0.001215
0.001259
0.001249
0.000857
0.001214
0.001006
0.001782
0.001315
0.001412
0.001246
0.001636
0.000992
0.000876
0.001198
0.001318
0.001428
0.001576
0.001208
0.001191
0.001274
0.001647
0.001255
0.001438
0.001257
0.001166
0.001038
0.001270
0.000995
0.001217
0.001402
0.001254
0.001587
0.001315
0.001321
0.001224
0.001332
0.001428
0.001493
0.000952
0.000876
0.001323
0.001393
0.001344
0.001830
0.001421
0.001072
0.001089
0.001355
0.001241
0.001158
0.001303
0.001890
0.001493
0.001410
0.000934
0.001475
0.001374
0.001054
0.001040
0.001407
0.001316
0.001169
0.001004
0.001465
0.001346
0.000989
0.000757
0.000949
0.001136
0.001154
0.001392
0.001049
0.001139
0.001694
0.001166
0.001239
0.001298
0.001340
0.001159
0.001561
0.001101
0.001582
0.001368
0.001239
0.001258
0.001284
0.001650
0.001805
0.001050
0.001137
0.001049
0.001257
0.001405
0.001001
0.000914
0.001217
0.001385
0.001199
0.000855
0.001334
0.001153
0.001171
0.001288
0.001112
0.000702
0.001542
0.001094
0.001323
0.001105
0.001099
0.001211
0.001256
0.001265
0.001330
0.001632
0.001136
0.001021
0.001003
0.001290
0.001217
0.001413
0.000942
0.001271
0.001127
0.001108
0.000901
0.001255
0.001335
0.001245
0.001180
0.001137
0.001326
0.001291
0.001234
0.001270
0.001206
0.001393
0.001542
0.001313
0.001340
0.001242
0.001181
0.001111
0.001016
0.000998
0.001394
0.000989
0.001431
0.001141
0.001117
0.001216
0.001295
0.001229
0.001379
0.001264
0.001444
0.001001
0.001040
0.001292
0.001143
0.001249
0.001622
0.001194
0.001361
0.001113
0.001293
0.001122
0.001337
0.001396
0.001428
0.001230
0.001010
0.001296
0.000987
0.001422
0.001207
0.001082
0.001342
0.001181
0.001538
0.001432
0.001245
0.001140
0.000943
0.001149
0.001253
0.001045
0.001423
0.001185
0.001344
0.001655
0.001392
0.001153
0.001030
0.001273
0.001198
0.001662
0.001332
0.001315
0.001221
0.001439
0.001033
0.001240
0.001004
0.001300
0.001208
0.001381
0.001434
0.000884
0.001078
0.001556
0.001501
0.001217
0.001150
0.001236
0.001076
0.001113
0.001354
0.001301
0.001094
0.001516
0.001438
0.001459
0.001245
0.001153
0.001206
0.000839
0.001239
0.001247
0.001218
0.001256
0.001452
0.001420
0.000951
0.001101
0.001454
0.001283
0.001111
0.001064
0.001578
0.001168
0.001039
0.001482
0.001417
0.001265
0.001155
0.001450
0.001030
0.001130
0.001280
0.000854
0.001212
0.001083
0.001608
0.001392
0.001459
0.001390
0.001079
0.001745
0.001671
0.001750
0.001583
0.001670
0.001143
0.001507
0.001089
0.001058
0.001291
0.001103
0.000986
0.001261
0.001154
0.001378
0.001395
0.001452
0.001171
0.001186
0.001117
0.001245
0.001660
0.001500
0.001242
0.001751
0.000942
0.001494
0.001178
0.001560
0.001231
0.001308
0.001470
0.001248
0.001087
0.001493
0.001426
0.001256
0.001267
0.001164
0.001376
0.001289
0.001201
0.001649
0.001319
0.001088
0.001146
0.001177
0.001474
0.001185
0.001163
0.000955
0.001448
0.001642
0.001177
0.001303
0.001005
0.001401
0.001369
0.001094
0.001111
0.001286
0.001373
0.001228
0.001652
0.000972
0.001007
0.000905
0.001598
0.001073
0.001258
0.001776
0.001360
0.000981
0.001760
0.001361
0.001623
0.001330
0.001201
0.001135
0.001371
0.001496
0.001253
0.000950
0.001810
0.001133
0.001106
0.001046
0.001085
0.001642
0.001357
0.001302
0.000982
0.001066
0.001895
0.001129
0.001531
0.001129
0.001184
0.001106
0.001556
0.001452
0.001120
0.001185
0.001375
0.001021
0.001195
0.001399
0.001120
0.001111
0.001204
0.001010
0.001107
0.001010
0.000988
0.001196
0.001243
0.001716
0.001008
0.001493
0.001175
0.001062
0.001507
0.001515
0.001347
0.001288
0.001056
0.000660
0.000898
0.001173
0.001501
0.001164
0.001163
0.001220
0.001614
0.001138
0.000921
0.001371
0.000825
0.000883
0.001620
0.001367
0.001270
0.001118
0.001473
0.001154
0.001482
0.001481
0.001062
0.001183
0.001256
0.001576
0.001277
0.001413
0.001139
0.000883
0.001455
0.001175
0.001487
0.001376
0.001268
0.001392
0.001413
0.001535
0.001129
0.001037
0.001381
0.001129
0.001261
0.001099
0.001340
0.000924
0.001197
0.001343
0.001197
0.001282
0.001567
0.001365
0.001136
0.001012
0.001532
0.001709
0.001446
0.001348
0.001555
0.001275
0.001521
0.001302
0.001327
0.001337
0.001372
0.001243
0.001193
0.001489
0.001247
0.001424
0.001379
0.001490
0.001286
0.001315
0.001195
0.001174
0.001355
0.001482
0.001140
0.001635
0.001029
0.001605
0.001201
0.001258
0.001387
0.001012
0.001075
0.001460
0.001451
0.001676
0.001019
0.001151
0.001273
0.001194
0.001217
0.001379
0.001230
0.000899
0.000827
0.001244
0.000866
0.001138
0.001378
0.000877
0.001021
0.001492
0.001200
0.001372
0.001362
0.001405
0.001055
0.001201
0.001294
0.001458
0.001194
0.001395
0.001073
0.001142
0.001447
0.001229
0.001247
0.001237
0.000823
0.001084
0.001011
0.001113
0.001277
0.001276
0.001488
0.000955
0.001016
0.001189
0.001364
0.001314
0.001112
0.001102
0.001467
0.001049
0.001100
0.001560
0.001543
0.000961
0.000958
0.001257
0.001678
0.001311
0.001038
0.001455
0.001476
0.001226
0.001257
0.001279
0.001202
0.001220
0.001488
0.001574
0.001363
0.001326
0.001039
0.001525
0.001319
0.001244
0.001115
0.001407
0.001217
0.000739
0.001111
0.001195
0.000952
0.001649
0.000989
0.001199
0.001406
0.001535
0.001647
0.001402
0.001109
0.001604
0.000921
0.001504
0.000681
0.001601
0.001167
0.001188
0.000949
0.001338
0.000805
0.001360
0.001327
0.001374
0.001210
0.000936
0.001219
0.001408
0.001139
0.001215
0.001450
0.001203
0.001136
0.001243
0.000985
0.001057
0.001219
0.000959
0.001081
0.001352
0.001484
0.001455
0.001064
0.001195
0.001050
0.000782
0.001133
0.000851
0.001180
0.001535
0.001205
0.001458
0.001570
0.001355
0.001602
0.001503
0.001311
0.001347
0.001193
0.001620
0.001269
0.001023
0.001195
0.000978
0.000760
0.001081
0.001141
0.001275
0.000905
0.000891
0.000981
0.001284
0.001192
0.001526
0.001435
0.001095
0.000724
0.001252
0.001121
0.001468
0.000845
0.000994
0.001314
0.001291
0.001826
0.001288
0.000913
0.001248
0.001450
0.001384
0.001041
0.000937
0.001195
0.000953
0.001396
0.001271
0.001226
0.000790
0.001678
0.001238
0.001192
0.001349
0.001362
0.001482
0.001265
0.001386
0.000944
0.001023
0.001112
0.001457
0.001316
0.001446
0.001092
0.001410
0.001290
0.001548
0.001201
0.001415
0.001133
0.001218
0.001001
0.001338
0.001596
0.000906
0.000993
0.000965
0.001386
0.001143
0.001213
0.000945
0.001412
0.001183
0.001184
0.001342
0.001215
0.001076
0.001444
0.001592
0.001200
0.001232
0.001452
0.001125
0.000977
0.001077
0.001170
0.001358
0.000869
0.001483
0.000955
0.000963
0.001106
0.001153
0.001378
0.000918
0.000989
0.001225
0.001185
0.001495
0.001040
0.001039
0.001540
0.001137
0.001466
0.001246
0.001375
0.001245
0.000941
0.001175
0.001396
0.001076
0.001191
0.001355
0.001205
0.000900
0.001541
0.001024
0.001486
0.001191
0.001509
0.001178
0.001233
0.001285
0.001198
0.000950
0.001099
0.001172
0.001456
0.001260
0.001320
0.000977
0.001133
0.001287
0.001372
0.000888
0.001065
0.001345
0.001209
0.001275
0.001204
0.001528
0.001325
0.001440
0.001321
0.001039
0.000949
0.000796
0.001245
0.001147
0.001034
0.001127
0.001176
0.001408
0.000986
0.001502
0.000976
0.001236
0.001129
0.001062
0.001663
0.000839
0.001113
0.001078
0.001281
0.001251
0.001278
0.001041
0.001309
0.001044
0.001237
0.001176
0.001125
0.001112
0.001228
0.001477
0.000906
0.001628
0.001802
0.001182
0.001708
0.001236
0.001326
0.001303
0.001355
0.001089
0.001454
0.001131
0.001167
0.001229
0.001477
0.001261
0.001603
0.001215
0.001259
0.001249
0.000857
0.001214
0.001006
0.001782
0.001315
0.001412
0.001246
0.001636
0.000992
0.000876
0.001198
0.001318
0.001428
0.001576
0.001208
0.001191
0.001274
0.001647
0.001255
0.001438
0.001257
0.001166
0.001038
0.001270
0.000995
0.001217
0.001402
0.001254
0.001587
0.001315
0.001321
0.001224
0.001332
0.001428
0.001493
0.000952
0.000876
0.001323
0.001393
0.001344
0.001830
0.001421
0.001072
0.001089
0.001355
0.001241
0.001158
0.001303
0.001890
0.001493
0.001410
0.000934
0.001475
0.001374
0.001054
0.001040
0.001407
0.001316
0.001169
0.001004
0.001465
0.001346
0.000989
0.000757
0.000949
0.001136
0.001154
0.001392
0.001049
0.001139
0.001694
0.001166
0.001239
0.001298
0.001340
0.001159
0.001561
0.001101
0.001582
0.001368
0.001239
0.001258
0.001284
0.001650
0.001805
0.001050
0.001137
0.001049
0.001257
0.001405
0.001001
0.000914
0.001217
0.001385
0.001199
0.000855
0.001334
0.001153
0.001171
0.001288
0.001112
0.000702
0.001542
0.001094
0.001323
0.001105
0.001099
0.001211
0.001256
0.001265
0.001330
0.001632
0.001136
0.001021
0.001003
0.001290
0.001217
0.001413
0.000942
0.001271
0.001127
0.001108
0.000901
0.001255
0.001335
0.001245
0.001180
0.001137
0.001326
0.001291
0.001234
0.001270
0.001206
0.001393
0.001542
0.001313
0.001340
0.001242
0.001181
0.001111
0.001016
0.000998
0.001394
0.000989
0.001431
0.001141
0.001117
0.001216
0.001295
0.001229
0.001379
0.001264
0.001444
0.001001
0.001040
0.001292
0.001143
0.001249
0.001622
0.001194
0.001361
0.001113
0.001293
0.001122
0.001337
0.001396
0.001428
0.001230
0.001010
0.001296
0.000987
0.001422
0.001207
0.001082
0.001342
0.001181
0.001538
0.001432
0.001245
0.001140
0.000943
0.001149
0.001253
0.001045
0.001423
0.001185
0.001344
0.001655
0.001392
0.001153
0.001030
0.001273
0.001198
0.001662
0.001332
0.001315
0.001221
0.001439
0.001033
0.001240
0.001004
0.001300
0.001208
0.001381
0.001434
0.000884
0.001078
0.001556
0.001501
0.001217
0.001150
0.001236
0.001076
0.001113
0.001354
0.001301
0.001094
0.001516
0.001438
0.001459
0.001245
0.001153
0.001206
0.000839
0.001239
0.001247
0.001218
0.001256
0.001452
0.001420
0.000951
0.001101
0.001454
0.001283
0.001111
0.001064
0.001578
0.001168
0.001039
0.001482
0.001417
0.001265
0.001155
0.001450
0.001030
0.001130
0.001280
0.000854
0.001212
0.001083
0.001608
0.001392
0.001459
0.001390
0.001079
0.001745
0.001671
0.001750
0.001583
0.001670
0.001143
0.001507
0.001089
0.001058
0.001291
0.001103
0.000986
0.001261
0.001154
0.001378
0.001395
0.001452
0.001171
0.001186
0.001117
0.001245
0.001660
0.001500
0.001242
0.001751
0.000942
0.001494
0.001178
0.001560
0.001231
0.001308
0.001470
0.001248
0.001087
0.001493
0.001426
0.001256
0.001267
0.001164
0.001376
0.001289
0.001201
0.001649
0.001319
0.001088
0.001146
0.001177
0.001474
0.001185
0.001163
0.000955
0.001448
0.001642
0.001177
0.001303
0.001005
0.001401
0.001369
0.001094
0.001111
0.001286
0.001373
0.001228
0.001652
0.000972
0.001007
0.000905
0.001598
0.001073
0.001258
0.001776
0.001360
0.000981
0.001760
0.001361
0.001623
0.001330
0.001201
0.001135
0.001371
0.001496
0.001253
0.000950
0.001810
0.001133
0.001106
0.001046
0.001085
0.001642
0.001357
0.001302
0.000982
0.001066
0.001895
0.001129
0.001531
0.001129
0.001184
0.001106
0.001556
0.001452
0.001120
0.001185
0.001375
0.001021
0.001195
0.001399
0.001120
0.001111
0.001204
0.001010
0.001107
0.001010
0.000988
0.001196
0.001243
0.001716
0.001008
0.001493
0.001175
0.001062
0.001507
0.001515
0.001347
0.001288
0.001056
0.000660
0.000898
0.001173
0.001501
0.001164
0.001163
0.001220
0.001614
0.001138
0.000921
0.001371
0.000825
0.000883
0.001620
0.001367
0.001270
0.001118
0.001473
0.001154
0.001482
0.001481
0.001062
0.001183
0.001256
0.001576
0.001277
0.001413
0.001139
0.000883
0.001455
0.001175
0.001487
0.001376
0.001268
0.001392
0.001413
0.001535
0.001129
0.001037
0.001381
0.001129
0.001261
0.001099
0.001340
0.000924
0.001197
0.001343
0.001197
0.001282
0.001567
0.001365
0.001136
0.001012
0.001532
0.001709
0.001446
0.001348
0.001555
0.001275
0.001521
0.001302
0.001327
0.001337
0.001372
0.001243
0.001193
0.001489
0.001247
0.001424
0.001379
0.001490
0.001286
0.001315
0.001195
0.001174
0.001355
0.001482
0.001140
0.001635
0.001029
0.001605
0.001201
0.001258
0.001387
0.001012
0.001075
0.001460
0.001451
0.001676
0.001019
0.001151
0.001273
0.001194
0.001217
0.001379
0.001230
0.000899
0.000827
0.001244
0.000866
0.001138
0.001378
0.000877
0.001021
0.001492
0.001200
0.001372
0.001362
0.001405
0.001055
0.001201
0.001294
0.001458
0.001194
0.001395
0.001073
0.001142
0.001447
0.001229
0.001247
0.001237
0.000823
0.001084
0.001011
0.001113
0.001277
0.001276
0.001488
0.000955
0.001016
0.001189
0.001364
0.001314
0.001112
0.001102
0.001467
0.001049
0.001100
0.001560
0.001543
0.000961
0.000958
0.001257
0.001678
0.001311
0.001038
0.001455
0.001476
0.001226
0.001257
0.001279
0.001202
0.001220
0.001488
0.001574
0.001363
0.001326
0.001039
0.001525
0.001319
0.001244
0.001115
0.001407
0.001217
0.000739
0.001111
0.001195
0.000952
0.001649
0.000989
0.001199
0.001406
0.001535
0.001647
0.001402
0.001109
0.001604
0.000921
0.001504
0.000681
0.001601
0.001167
0.001188
0.000949
0.001338
0.000805
0.001360
0.001327
0.001374
0.001210
0.000936
0.001219
0.001408
0.001139
0.001215
0.001450
0.001203
0.001136
0.001243
0.000985
0.001057
0.001219
0.000959
0.001081
0.001352
0.001484
0.001455
0.001064
0.001195
0.001050
0.000782
0.001133
0.000851
0.001180
0.001535
0.001205
0.001458
0.001570
0.001355
0.001602
0.001503
0.001311
0.001347
0.001193
0.001620
0.001269
0.001023
0.001195
0.000978
0.000760
0.001081
0.001141
0.001275
0.000905
0.000891
0.000981
0.001284
0.001192
0.001526
0.001435
0.001095
0.000724
0.001252
0.001121
0.001468
0.000845
0.000994
0.001314
0.001291
0.001826
0.001288
0.000913
0.001248
0.001450
0.001384
0.001041
0.000937
0.001195
0.000953
0.001396
0.001271
0.001226
0.000790
0.001678
0.001238
0.001192
0.001349
0.001362
0.001482
0.001265
0.001386
0.000944
0.001023
0.001112
0.001457
0.001316
0.001446
0.001092
0.001410
0.001290
0.001548
0.001201
0.001415
0.001133
0.001218
0.001001
0.001338
0.001596
0.000906
0.000993
0.000965
0.001386
0.001143
0.001213
0.000945
0.001412
0.001183
0.001184
0.001342
0.001215
0.001076
0.001444
0.001592
0.001200
0.001232
0.001452
0.001125
0.000977
0.001077
0.001170
0.001358
0.000869
0.001483
0.000955
0.000963
0.001106
0.001153
0.001378
0.000918
0.000989
0.001225
0.001185
0.001495
0.001040
0.001039
0.001540
0.001137
0.001466
0.001246
0.001375
0.001245
0.000941
0.001175
0.001396
0.001076
0.001191
0.001355
0.001205
0.000900
0.001541
0.001024
0.001486
0.001191
0.001509
0.001178
0.001233
0.001285
0.001198
0.000950
0.001099
0.001172
0.001456
0.001260
0.001320
0.000977
0.001133
0.001287
0.001372
0.000888
0.001065
0.001345
0.001209
0.001275
0.001204
0.001528
0.001325
0.001440
0.001321
0.001039
0.000949
0.000796
0.001245
0.001147
0.001034
0.001127
0.001176
0.001408
0.000986
0.001502
0.000976
0.001236
0.001129
0.001062
0.001663
0.000839
0.001113
0.001078
0.001281
0.001251
0.001278
0.001041
0.001309
0.001044
0.001237
0.001176
0.001125
0.001112
0.001228
0.001477
0.000906
0.001628
0.001802
0.001182
0.001708
0.001236
0.001326
0.001303
0.001355
0.001089
0.001454
0.001131
0.001167
0.001229
0.001477
0.001261
0.001603
0.001215
0.001259
0.001249
0.000857
0.001214
0.001006
0.001782
0.001315
0.001412
0.001246
0.001636
0.000992
0.000876
0.001198
0.001318
0.001428
0.001576
0.001208
0.001191
0.001274
0.001647
0.001255
0.001438
0.001257
0.001166
0.001038
0.001270
0.000995
0.001217
0.001402
0.001254
0.001587
0.001315
0.001321
0.001224
0.001332
0.001428
0.001493
0.000952
0.000876
0.001323
0.001393
0.001344
0.001830
0.001421
0.001072
0.001089
0.001355
0.001241
0.001158
0.001303
0.001890
0.001493
0.001410
0.000934
0.001475
0.001374
0.001054
0.001040
0.001407
0.001316
0.001169
0.001004
0.001465
0.001346
0.000989
0.000757
0.000949
0.001136
0.001154
0.001392
0.001049
0.001139
0.001694
0.001166
0.001239
0.001298
0.001340
0.001159
0.001561
0.001101
0.001582
0.001368
0.001239
0.001258
0.001284
0.001650
0.001805
0.001050
0.001137
0.001049
0.001257
0.001405
0.001001
0.000914
0.001217
0.001385
0.001199
0.000855
0.001334
0.001153
0.001171
0.001288
0.001112
0.000702
0.001542
0.001094
0.001323
0.001105
0.001099
0.001211
0.001256
0.001265
0.001330
0.001632
0.001136
0.001021
0.001003
0.001290
0.001217
0.001413
0.000942
0.001271
0.001127
0.001108
0.000901
0.001255
0.001335
0.001245
0.001180
0.001137
0.001326
0.001291
0.001234
0.001270
0.001206
0.001393
0.001542
0.001313
0.001340
0.001242
0.001181
0.001111
0.001016
0.000998
0.001394
0.000989
0.001431
0.001141
0.001117
0.001216
0.001295
0.001229
0.001379
0.001264
0.001444
0.001001
0.001040
0.001292
0.001143
0.001249
0.001622
0.001194
0.001361
0.001113
0.001293
0.001122
0.001337
0.001396
0.001428
0.001230
0.001010
0.001296
0.000987
0.001422
0.001207
0.001082
0.001342
0.001181
0.001538
0.001432
0.001245
0.001140
0.000943
0.001149
0.001253
0.001045
0.001423
0.001185
0.001344
0.001655
0.001392
0.001153
0.001030
0.001273
0.001198
0.001662
0.001332
0.001315
0.001221
0.001439
0.001033
0.001240
0.001004
0.001300
0.001208
0.001381
0.001434
0.000884
0.001078
0.001556
0.001501
0.001217
0.001150
0.001236
0.001076
0.001113
0.001354
0.001301
0.001094
0.001516
0.001438
0.001459
0.001245
0.001153
0.001206
0.000839
0.001239
0.001247
0.001218
0.001256
0.001452
0.001420
0.000951
0.001101
0.001454
0.001283
0.001111
0.001064
0.001578
0.001168
0.001039
0.001482
0.001417
0.001265
0.001155
0.001450
0.001030
0.001130
0.001280
0.000854
0.001212
0.001083
0.001608
0.001392
0.001459
0.001390
0.001079
0.001745
0.001671
0.001750
0.001583
0.001670
0.001143
0.001507
0.001089
0.001058
0.001291
0.001103
0.000986
0.001261
0.001154
0.001378
0.001395
0.001452
0.001171
0.001186
0.001117
0.001245
0.001660
0.001500
0.001242
0.001751
0.000942
0.001494
0.001178
0.001560
0.001231
0.001308
0.001470
0.001248
0.001087
0.001493
0.001426
0.001256
0.001267
0.001164
0.001376
0.001289
0.001201
0.001649
0.001319
0.001088
0.001146
0.001177
0.001474
0.001185
0.001163
0.000955
0.001448
0.001642
0.001177
0.001303
0.001005
0.001401
0.001369
0.001094
0.001111
0.001286
0.001373
0.001228
0.001652
0.000972
0.001007
0.000905
0.001598
0.001073
0.001258
0.001776
0.001360
0.000981
0.001760
0.001361
0.001623
0.001330
0.001201
0.001135
0.001371
0.001496
0.001253
0.000950
0.001810
0.001133
0.001106
0.001046
0.001085
0.001642
0.001357
0.001302
0.000982
0.001066
0.001895
0.001129
0.001531
0.001129
0.001184
0.001106
0.001556
0.001452
0.001120
0.001185
0.001375
0.001021
0.001195
0.001399
0.001120
0.001111
0.001204
0.001010
0.001107
0.001010
0.000988
0.001196
0.001243
0.001716
0.001008
0.001493
0.001175
0.001062
0.001507
0.001515
0.001347
0.001288
0.001056
0.000660
0.000898
0.001173
0.001501
0.001164
0.001163
0.001220
0.001614
0.001138
0.000921
0.001371
0.000825
0.000883
0.001620
0.001367
0.001270
0.001118
0.001473
0.001154
0.001482
0.001481
0.001062
0.001183
0.001256
0.001576
0.001277
0.001413
0.001139
0.000883
0.001455
0.001175
0.001487
0.001376
0.001268
0.001392
0.001413
0.001535
0.001129
0.001037
0.001381
0.001129
0.001261
0.001099
0.001340
0.000924
0.001197
0.001343
0.001197
0.001282
0.001567
0.001365
0.001136
0.001012
0.001532
0.001709
0.001446
0.001348
0.001555
0.001275
0.001521
0.001302
0.001327
0.001337
0.001372
0.001243
0.001193
0.001489
0.001247
0.001424
0.001379
0.001490
0.001286
0.001315
0.001195
0.001174
0.001355
0.001482
0.001140
0.001635
0.001029
0.001605
0.001201
0.001258
0.001387
0.001012
0.001075
0.001460
0.001451
0.001676
0.001019
0.001151
0.001273
0.001194
0.001217
0.001379
0.001230
0.000899
0.000827
0.001244
0.000866
0.001138
0.001378
0.000877
0.001021
0.001492
0.001200
0.001372
0.001362
0.001405
0.001055
0.001201
0.001294
0.001458
0.001194
0.001395
0.001073
0.001142
0.001447
0.001229
0.001247
0.001237
0.000823
0.001084
0.001011
0.001113
0.001277
0.001276
0.001488
0.000955
0.001016
0.001189
0.001364
0.001314
0.001112
0.001102
0.001467
0.001049
0.001100
0.001560
0.001543
0.000961
0.000958
0.001257
0.001678
0.001311
0.001038
0.001455
0.001476
0.001226
0.001257
0.001279
0.001202
0.001220
0.001488
0.001574
0.001363
0.001326
0.001039
0.001525
0.001319
0.001244
0.001115
0.001407
0.001217
0.000739
0.001111
0.001195
0.000952
0.001649
0.000989
0.001199
0.001406
0.001535
0.001647
0.001402
0.001109
0.001604
0.000921
0.001504
0.000681
0.001601
0.001167
0.001188
0.000949
0.001338
0.000805
0.001360
0.001327
0.001374
0.001210
0.000936
0.001219
0.001408
0.001139
0.001215
0.001450
0.001203
0.001136
0.001243
0.000985
0.001057
0.001219
0.000959
0.001081
0.001352
0.001484
0.001455
0.001064
0.001195
0.001050
0.000782
0.001133
0.000851
0.001180
0.001535
0.001205
0.001458
0.001570
0.001355
0.001602
0.001503
0.001311
0.001347
0.001193
0.001620
0.001269
0.001023
0.001195
0.000978
0.000760
0.001081
0.001141
0.001275
0.000905
0.000891
0.000981
0.001284
0.001192
0.001526
0.001435
0.001095
0.000724
0.001252
0.001121
0.001468
0.000845
0.000994
0.001314
0.001291
0.001826
0.001288
0.000913
0.001248
0.001450
0.001384
0.001041
0.000937
0.001195
0.000953
0.001396
0.001271
0.001226
0.000790
0.001678
0.001238
0.001192
0.001349
0.001362
0.001482
0.001265
0.001386
0.000944
0.001023
0.001112
0.001457
0.001316
0.001446
0.001092
0.001410
0.001290
0.001548
0.001201
0.001415
0.001133
0.001218
0.001001
0.001338
0.001596
0.000906
0.000993
0.000965
0.001386
0.001143
0.001213
0.000945
0.001412
0.001183
0.001184
0.001342
0.001215
0.001076
0.001444
0.001592
0.001200
0.001232
0.001452
0.001125
0.000977
0.001077
0.001170
0.001358
0.000869
0.001483
0.000955
0.000963
0.001106
0.001153
0.001378
0.000918
0.000989
0.001225
0.001185
0.001495
0.001040
0.001039
0.001540
0.001137
0.001466
0.001246
0.001375
0.001245
0.000941
0.001175
0.001396
0.001076
0.001191
0.001355
0.001205
0.000900
0.001541
0.001024
0.001486
0.001191
0.001509
0.001178
0.001233
0.001285
0.001198
0.000950
0.001099
0.001172
0.001456
0.001260
0.001320
0.000977
0.001133
0.001287
0.001372
0.000888
0.001065
0.001345
0.001209
0.001275
0.001204
0.001528
0.001325
0.001440
0.001321
0.001039
0.000949
0.000796
0.001245
0.001147
0.001034
0.001127
0.001176
0.001408
0.000986
0.001502
0.000976
0.001236
0.001129
0.001062
0.001663
0.000839
0.001113
0.001078
0.001281
0.001251
0.001278
0.001041
0.001309
0.001044
0.001237
0.001176
0.001125
0.001112
0.001228
0.001477
0.000906
0.001628
0.001802
0.001182
0.001708
0.001236
0.001326
0.001303
0.001355
0.001089
0.001454
0.001131
0.001167
0.001229
0.001477
0.001261
0.001603
0.001215
0.001259
0.001249
0.000857
0.001214
0.001006
0.001782
0.001315
0.001412
0.001246
0.001636
0.000992
0.000876
0.001198
0.001318
0.001428
0.001576
0.001208
0.001191
0.001274
0.001647
0.001255
0.001438
0.001257
0.001166
0.001038
0.001270
0.000995
0.001217
0.001402
0.001254
0.001587
0.001315
0.001321
0.001224
0.001332
0.001428
0.001493
0.000952
0.000876
0.001323
0.001393
0.001344
0.001830
0.001421
0.001072
0.001089
0.001355
0.001241
0.001158
0.001303
0.001890
0.001493
0.001410
0.000934
0.001475
0.001374
0.001054
0.001040
0.001407
0.001316
0.001169
0.001004
0.001465
0.001346
0.000989
0.000757
0.000949
0.001136
0.001154
0.001392
0.001049
0.001139
0.001694
0.001166
0.001239
0.001298
0.001340
0.001159
0.001561
0.001101
0.001582
0.001368
0.001239
0.001258
0.001284
0.001650
0.001805
0.001050
0.001137
0.001049
0.001257
0.001405
0.001001
0.000914
0.001217
0.001385
0.001199
0.000855
0.001334
0.001153
0.001171
0.001288
0.001112
0.000702
0.001542
0.001094
0.001323
0.001105
0.001099
0.001211
0.001256
0.001265
0.001330
0.001632
0.001136
0.001021
0.001003
0.001290
0.001217
0.001413
0.000942
0.001271
0.001127
0.001108
0.000901
0.001255
0.001335
0.001245
0.001180
0.001137
0.001326
0.001291
0.001234
0.001270
0.001206
0.001393
0.001542
0.001313
0.001340
0.001242
0.001181
0.001111
0.001016
0.000998
0.001394
0.000989
0.001431
0.001141
0.001117
0.001216
0.001295
0.001229
0.001379
0.001264
0.001444
0.001001
0.001040
0.001292
0.001143
0.001249
0.001622
0.001194
0.001361
0.001113
0.001293
0.001122
0.001337
0.001396
0.001428
0.001230
0.001010
0.001296
0.000987
0.001422
0.001207
0.001082
0.001342
0.001181
0.001538
0.001432
0.001245
0.001140
0.000943
0.001149
0.001253
0.001045
0.001423
0.001185
0.001344
0.001655
0.001392
0.001153
0.001030
0.001273
0.001198
0.001662
0.001332
0.001315
0.001221
0.001439
0.001033
0.001240
0.001004
0.001300
0.001208
0.001381
0.001434
0.000884
0.001078
0.001556
0.001501
0.001217
0.001150
0.001236
0.001076
0.001113
0.001354
0.001301
0.001094
0.001516
0.001438
0.001459
0.001245
0.001153
0.001206
0.000839
0.001239
0.001247
0.001218
0.001256
0.001452
0.001420
0.000951
0.001101
0.001454
0.001283
0.001111
0.001064
0.001578
0.001168
0.001039
0.001482
0.001417
0.001265
0.001155
0.001450
0.001030
0.001130
0.001280
0.000854
0.001212
0.001083
0.001608
0.001392
0.001459
0.001390
0.001079
0.001745
0.001671
0.001750
0.001583
0.001670
0.001143
0.001507
0.001089
0.001058
0.001291
0.001103
0.000986
0.001261
0.001154
0.001378
0.001395
0.001452
0.001171
0.001186
0.001117
0.001245
0.001660
0.001500
0.001242
0.001751
0.000942
0.001494
0.001178
0.001560
0.001231
0.001308
0.001470
0.001248
0.001087
0.001493
0.001426
0.001256
0.001267
0.001164
0.001376
0.001289
0.001201
0.001649
0.001319
0.001088
0.001146
0.001177
0.001474
0.001185
0.001163
0.000955
0.001448
0.001642
0.001177
0.001303
0.001005
0.001401
0.001369
0.001094
0.001111
0.001286
0.001373
0.001228
0.001652
0.000972
0.001007
0.000905
0.001598
0.001073
0.001258
0.001776
0.001360
0.000981
0.001760
0.001361
0.001623
0.001330
0.001201
0.001135
0.001371
0.001496
0.001253
0.000950
0.001810
0.001133
0.001106
0.001046
0.001085
0.001642
0.001357
0.001302
0.000982
0.001066
0.001895
0.001129
0.001531
0.001129
0.001184
0.001106
0.001556
0.001452
0.001120
0.001185
0.001375
0.001021
0.001195
0.001399
0.001120
0.001111
0.001204
0.001010
0.001107
0.001010
0.000988
0.001196
0.001243
0.001716
0.001008
0.001493
0.001175
0.001062
0.001507
0.001515
0.001347
0.001288
0.001056
0.000660
0.000898
0.001173
0.001501
0.001164
0.001163
0.001220
0.001614
0.001138
0.000921
0.001371
0.000825
0.000883
0.001620
0.001367
0.001270
0.001118
0.001473
0.001154
0.001482
0.001481
0.001062
0.001183
0.001256
0.001576
0.001277
0.001413
0.001139
0.000883
0.001455
0.001175
0.001487
0.001376
0.001268
0.001392
0.001413
0.001535
0.001129
0.001037
0.001381
0.001129
0.001261
0.001099
0.001340
0.000924
0.001197
0.001343
0.001197
0.001282
0.001567
0.001365
0.001136
0.001012
0.001532
0.001709
0.001446
0.001348
0.001555
0.001275
0.001521
0.001302
0.001327
0.001337
0.001372
0.001243
0.001193
0.001489
0.001247
0.001424
0.001379
0.001490
0.001286
0.001315
0.001195
0.001174
0.001355
0.001482
0.001140
0.001635
0.001029
0.001605
0.001201
0.001258
0.001387
0.001012
0.001075
0.001460
0.001451
0.001676
0.001019
0.001151
0.001273
0.001194
0.001217
0.001379
0.001230
0.000899
0.000827
0.001244
0.000866
0.001138
0.001378
0.000877
0.001021
0.001492
0.001200
0.001372
0.001362
0.001405
0.001055
0.001201
0.001294
0.001458
0.001194
0.001395
0.001073
0.001142
0.001447
0.001229
0.001247
0.001237
0.000823
0.001084
0.001011
0.001113
0.001277
0.001276
0.001488
0.000955
0.001016
0.001189
0.001364
0.001314
0.001112
0.001102
0.001467
0.001049
0.001100
0.001560
0.001543
0.000961
0.000958
0.001257
0.001678
0.001311
0.001038
0.001455
0.001476
0.001226
0.001257
0.001279
0.001202
0.001220
0.001488
0.001574
0.001363
0.001326
0.001039
0.001525
0.001319
0.001244
0.001115
0.001407
0.001217
0.000739
0.001111
0.001195
0.000952
0.001649
0.000989
0.001199
0.001406
0.001535
0.001647
0.001402
0.001109
0.001604
0.000921
0.001504
0.000681
0.001601
0.001167
0.001188
0.000949
0.001338
0.000805
0.001360
0.001327
0.001374
0.001210
0.000936
0.001219
0.001408
0.001139
0.001215
0.001450
0.001203
0.001136
0.001243
0.000985
0.001057
0.001219
0.000959
0.001081
0.001352
0.001484
0.001455
0.001064
0.001195
0.001050
0.000782
0.001133
0.000851
0.001180
0.001535
0.001205
0.001458
0.001570
0.001355
0.001602
0.001503
0.001311
0.001347
0.001193
0.001620
0.001269
0.001023
0.001195
0.000978
0.000760
0.001081
0.001141
0.001275
0.000905
0.000891
0.000981
0.001284
0.001192
0.001526
0.001435
0.001095
0.000724
0.001252
0.001121
0.001468
0.000845
0.000994
0.001314
0.001291
0.001826
0.001288
0.000913
0.001248
0.001450
0.001384
0.001041
0.000937
0.001195
0.000953
0.001396
0.001271
0.001226
0.000790
0.001678
0.001238
0.001192
0.001349
0.001362
0.001482
0.001265
0.001386
0.000944
0.001023
0.001112
0.001457
0.001316
0.001446
0.001092
0.001410
0.001290
0.001548
0.001201
0.001415
0.001133
0.001218
0.001001
0.001338
0.001596
0.000906
0.000993
0.000965
0.001386
0.001143
0.001213
0.000945
0.001412
0.001183
0.001184
0.001342
0.001215
0.001076
0.001444
0.001592
0.001200
0.001232
0.001452
0.001125
0.000977
0.001077
0.001170
0.001358
0.000869
0.001483
0.000955
0.000963
0.001106
0.001153
0.001378
0.000918
0.000989
0.001225
0.001185
0.001495
0.001040
0.001039
0.001540
0.001137
0.001466
0.001246
0.001375
0.001245
0.000941
0.001175
0.001396
0.001076
0.001191
0.001355
0.001205
0.000900
0.001541
0.001024
0.001486
0.001191
0.001509
0.001178
0.001233
0.001285
0.001198
0.000950
0.001099
0.001172
0.001456
0.001260
0.001320
0.000977
0.001133
0.001287
0.001372
0.000888
0.001065
0.001345
0.001209
0.001275
0.001204
0.001528
0.001325
0.001440
0.001321
0.001039
0.000949
0.000796
0.001245
0.001147
0.001034
0.001127
0.001176
0.001408
0.000986
0.001502
0.000976
0.001236
0.001129
0.001062
0.001663
0.000839
0.001113
0.001078
0.001281
0.001251
0.001278
0.001041
0.001309
0.001044
0.001237
0.001176
0.001125
0.001112
0.001228
0.001477
0.000906
0.001628
0.001802
0.001182
0.001708
0.001236
0.001326
0.001303
0.001355
0.001089
0.001454
0.001131
0.001167
0.001229
0.001477
0.001261
0.001603
0.001215
0.001259
0.001249
0.000857
0.001214
0.001006
0.001782
0.001315
0.001412
0.001246
0.001636
0.000992
0.000876
0.001198
0.001318
0.001428
0.001576
0.001208
0.001191
0.001274
0.001647
0.001255
0.001438
0.001257
0.001166
0.001038
0.001270
0.000995
0.001217
0.001402
0.001254
0.001587
0.001315
0.001321
0.001224
0.001332
0.001428
0.001493
0.000952
0.000876
0.001323
0.001393
0.001344
0.001830
0.001421
0.001072
0.001089
0.001355
0.001241
0.001158
0.001303
0.001890
0.001493
0.001410
0.000934
0.001475
0.001374
0.001054
0.001040
0.001407
0.001316
0.001169
0.001004
0.001465
0.001346
0.000989
0.000757
0.000949
0.001136
0.001154
0.001392
0.001049
0.001139
0.001694
0.001166
0.001239
0.001298
0.001340
0.001159
0.001561
0.001101
0.001582
0.001368
0.001239
0.001258
0.001284
0.001650
0.001805
0.001050
0.001137
0.001049
0.001257
0.001405
0.001001
0.000914
0.001217
0.001385
0.001199
0.000855
0.001334
0.001153
0.001171
0.001288
0.001112
0.000702
0.001542
0.001094
0.001323
0.001105
0.001099
0.001211
0.001256
0.001265
0.001330
0.001632
0.001136
0.001021
0.001003
0.001290
0.001217
0.001413
0.000942
0.001271
0.001127
0.001108
0.000901
0.001255
0.001335
0.001245
0.001180
0.001137
0.001326
0.001291
0.001234
0.001270
0.001206
0.001393
0.001542
0.001313
0.001340
0.001242
0.001181
0.001111
0.001016
0.000998
0.001394
0.000989
0.001431
0.001141
0.001117
0.001216
0.001295
0.001229
0.001379
0.001264
0.001444
0.001001
0.001040
0.001292
0.001143
0.001249
0.001622
0.001194
0.001361
0.001113
0.001293
0.001122
0.001337
0.001396
0.001428
0.001230
0.001010
0.001296
0.000987
0.001422
0.001207
0.001082
0.001342
0.001181
0.001538
0.001432
0.001245
0.001140
0.000943
0.001149
0.001253
0.001045
0.001423
0.001185
0.001344
0.001655
0.001392
0.001153
0.001030
0.001273
0.001198
0.001662
0.001332
0.001315
0.001221
0.001439
0.001033
0.001240
0.001004
0.001300
0.001208
0.001381
0.001434
0.000884
0.001078
0.001556
0.001501
0.001217
0.001150
0.001236
0.001076
0.001113
0.001354
0.001301
0.001094
0.001516
0.001438
0.001459
0.001245
0.001153
0.001206
0.000839
0.001239
0.001247
0.001218
0.001256
0.001452
0.001420
0.000951
0.001101
0.001454
0.001283
0.001111
0.001064
0.001578
0.001168
0.001039
0.001482
0.001417
0.001265
0.001155
0.001450
0.001030
0.001130
0.001280
0.000854
0.001212
0.001083
0.001608
0.001392
0.001459
0.001390
0.001079
0.001745
0.001671
0.001750
0.001583
0.001670
0.001143
0.001507
0.001089
0.001058
0.001291
0.001103
0.000986
0.001261
0.001154
0.001378
0.001395
0.001452
0.001171
0.001186
0.001117
0.001245
0.001660
0.001500
0.001242
0.001751
0.000942
0.001494
0.001178
0.001560
0.001231
0.001308
0.001470
0.001248
0.001087
0.001493
0.001426
0.001256
0.001267
0.001164
0.001376
0.001289
0.001201
0.001649
0.001319
0.001088
0.001146
0.001177
0.001474
0.001185
0.001163
0.000955
0.001448
0.001642
0.001177
0.001303
0.001005
0.001401
0.001369
0.001094
0.001111
0.001286
0.001373
0.001228
0.001652
0.000972
0.001007
0.000905
0.001598
0.001073
0.001258
0.001776
0.001360
0.000981
0.001760
0.001361
0.001623
0.001330
0.001201
0.001135
0.001371
0.001496
0.001253
0.000950
0.001810
0.001133
0.001106
0.001046
0.001085
0.001642
0.001357
0.001302
0.000982
0.001066
0.001895
0.001129
0.001531
0.001129
0.001184
0.001106
0.001556
0.001452
0.001120
0.001185
0.001375
0.001021
0.001195
0.001399
0.001120
0.001111
0.001204
0.001010
0.001107
0.001010
0.000988
0.001196
0.001243
0.001716
0.001008
0.001493
0.001175
