0.001302
0.000941
0.002059
0.000903
0.001060
0.000821
0.001270
0.000685
0.001048
0.002209
0.001204
0.000918
0.001310
0.000861
0.001429
0.000937
0.000916
0.000691
0.001244
0.001039
0.001514
0.001059
0.000973
0.001039
0.001848
0.001282
0.000897
0.001455
0.001203
0.001356
0.001209
0.001152
0.000859
0.001683
0.001062
0.000931
0.000930
0.001172
0.001015
0.000902
0.001198
0.001756
0.000685
0.001133
0.001712
0.001042
0.001707
0.001402
0.001112
0.001721
0.001335
0.001169
0.001380
0.001564
0.001429
0.001559
0.000966
0.001004
0.001181
0.001139
0.001680
0.001601
0.000945
0.001514
0.001003
0.001800
0.001230
0.001672
0.000930
0.000962
0.001007
0.001957
0.001364
0.001343
0.000683
0.001179
0.001001
0.001594
0.001076
0.000848
0.001715
0.000746
0.001511
0.000873
0.001208
0.001187
0.001093
0.001002
0.000923
0.001349
0.001215
0.001207
0.002000
0.000872
0.001229
0.001118
0.000928
0.001395
0.000901
0.001644
0.001498
0.001389
0.001137
0.001109
0.001484
0.000954
0.001227
0.001246
0.001227
0.001238
0.001284
0.000717
0.001313
0.001741
0.001463
0.001330
0.001676
0.001440
0.000811
0.001627
0.001123
0.001039
0.001669
0.000751
0.001575
0.001123
0.001624
0.001435
0.000917
0.001759
0.001391
0.001561
0.001555
0.001375
0.001667
0.000763
0.001400
0.001132
0.001260
0.001153
0.001113
0.001347
0.001091
0.001650
0.001176
0.000784
0.001536
0.001013
0.001322
0.001647
0.000875
0.001211
0.001359
0.001161
0.001986
0.001270
0.000916
0.001089
0.000669
0.000940
0.000968
0.001080
0.000787
0.001213
0.001249
0.001197
0.001582
0.001567
0.001596
0.001524
0.001082
0.001364
0.001237
0.001608
0.001779
0.001067
0.001636
0.001622
0.001495
0.001480
0.001657
0.001418
0.001372
0.001078
0.001265
0.000897
0.001128
0.001607
0.001153
0.001323
0.001609
0.001104
0.001264
0.001262
0.001224
0.001089
0.001642
0.001605
0.001073
0.001160
0.001224
0.001225
0.001102
0.000783
0.000899
0.000857
0.001210
0.001681
0.001299
0.001339
0.001460
0.000803
0.001006
0.000961
0.001392
0.001236
0.001272
0.000982
0.000851
0.000778
0.001268
0.000819
0.001107
0.001446
0.001184
0.001067
0.001017
0.001410
0.001281
0.001310
0.001403
0.001356
0.000774
0.001262
0.001240
0.001510
0.001548
0.001263
0.001405
0.001256
0.001620
0.001407
0.001468
0.000861
0.001424
0.001539
0.001281
0.001059
0.001107
0.001051
0.001598
0.001251
0.001409
0.001301
0.000980
0.000804
0.000726
0.001179
0.001444
0.001100
0.001131
0.001372
0.001132
0.001189
0.001152
0.001246
0.001161
0.001600
0.001305
0.001411
0.000989
0.001262
0.001149
0.002091
0.001571
0.001440
0.000687
0.001412
0.001390
0.001548
0.001397
0.001354
0.001130
0.001262
0.001656
0.001514
0.001150
0.001093
0.001270
0.001055
0.001498
0.001874
0.001848
0.001063
0.000986
0.001296
0.001046
0.001081
0.001001
0.001037
0.001191
0.001321
0.000569
0.001026
0.001418
0.001452
0.001079
0.001143
0.001188
0.001106
0.001174
0.000706
0.000729
0.001797
0.001469
0.000748
0.000938
0.001396
0.000874
0.001693
0.000519
0.001172
0.000964
0.001369
0.001086
0.001083
0.001172
0.001386
0.001325
0.001332
0.001331
0.000763
0.001083
0.001783
0.000967
0.001340
0.001344
0.001226
0.001130
0.001577
0.001135
0.001199
0.001329
0.001348
0.001295
0.000991
0.001019
0.000881
0.000866
0.001604
0.001009
0.001337
0.001275
0.000960
0.001165
0.001580
0.000840
0.000723
0.001707
0.001243
0.001015
0.001004
0.000986
0.001558
0.001274
0.000886
0.001172
0.000795
0.001515
0.000833
0.001127
0.000987
0.001220
0.001191
0.001726
0.001405
0.001390
0.000492
0.001286
0.001239
0.001275
0.001420
0.001603
0.001830
0.000687
0.001432
0.001251
0.001567
0.001412
0.001156
0.001221
0.001580
0.001367
0.001141
0.001301
0.001435
0.001310
0.001210
0.001007
0.001295
0.001172
0.001708
0.001050
0.001359
0.001093
0.001482
0.001574
0.000867
0.001022
0.001233
0.001434
0.001118
0.001725
0.001540
0.001525
0.001451
0.001187
0.001093
0.001195
0.001789
0.001277
0.001199
0.001435
0.001227
0.001267
0.001287
0.000909
0.001322
0.001164
0.001196
0.001183
0.001473
0.000763
0.000960
0.000830
0.001384
0.001682
0.001840
0.001658
0.001457
0.001612
0.001351
0.001113
0.000782
0.001390
0.001313
0.001097
0.001317
0.000822
0.001139
0.001481
0.000984
0.001246
0.001539
0.001557
0.001646
0.001150
0.001114
0.001429
0.001694
0.001210
0.001790
0.001424
0.001440
0.001658
0.001499
0.000727
0.000699
0.001621
0.001778
0.000910
0.001047
0.000991
0.001722
0.001512
0.001012
0.001189
0.001653
0.001365
0.001562
0.001399
0.000808
0.000912
0.001506
0.000798
0.001131
0.001059
0.001460
0.001328
0.001100
0.000991
0.001274
0.001441
0.001054
0.001705
0.000823
0.001509
0.001154
0.001371
0.001189
0.001512
0.000723
0.001313
0.001714
0.001156
0.001114
0.001532
0.001274
0.001199
0.001113
0.001152
0.001376
0.000897
0.001300
0.000806
0.001748
0.001623
0.001365
0.001207
0.000865
0.000962
0.001248
0.000988
0.001908
0.000630
0.001416
0.001526
0.001352
0.001384
0.001468
0.001218
0.002010
0.001126
0.001230
0.001173
0.001420
0.001433
0.001486
0.001503
0.001601
0.001368
0.001336
0.001358
0.001363
0.001567
0.000945
0.000802
0.000877
0.001101
0.001518
0.001178
0.001359
0.001706
0.001963
0.001178
0.001221
0.001076
0.000726
0.001200
0.001272
0.001713
0.001393
0.001138
0.001297
0.001235
0.001057
0.001227
0.001467
0.000844
0.001128
0.001349
0.001851
0.000876
0.000839
0.001298
0.001007
0.001066
0.001318
0.001264
0.001555
0.001156
0.001377
0.000902
0.001118
0.001575
0.000898
0.000905
0.001605
0.001277
0.001700
0.000757
0.001121
0.001705
0.001251
0.001410
0.001257
0.000910
0.001145
0.000947
0.001443
0.001467
0.001104
0.001390
0.001259
0.001329
0.001617
0.001119
0.001716
0.001010
0.001250
0.001016
0.001297
0.001749
0.001723
0.001764
0.001059
0.000859
0.000790
0.001034
0.001500
0.001364
0.001158
0.001530
0.001331
0.001370
0.001116
0.000888
0.001382
0.001653
0.001217
0.001323
0.001417
0.001787
0.001611
0.000896
0.001171
0.001840
0.001352
0.000909
0.001204
0.001234
0.001020
0.001130
0.001403
0.000872
0.001397
0.001592
0.001196
0.001243
0.000890
0.001748
0.001029
0.000792
0.001323
0.001599
0.000694
0.001441
0.001262
0.001323
0.001269
0.000985
0.002345
0.001332
0.001087
0.001108
0.001918
0.000796
0.000607
0.001296
0.001543
0.001437
0.000853
0.001302
0.001127
0.001211
0.001650
0.001171
0.001018
0.000962
0.001372
0.001308
0.001070
0.000857
0.001599
0.001443
0.001235
0.000972
0.001187
0.001719
0.001221
0.001175
0.001657
0.000889
0.001061
0.000963
0.001711
0.001361
0.000835
0.001767
0.001091
0.001308
0.001506
0.001276
0.000686
0.001269
0.001041
0.001011
0.001170
0.001311
0.001171
0.001133
0.001562
0.000964
0.001365
0.001774
0.001357
0.001265
0.002417
0.001202
0.001146
0.000851
0.000531
0.001819
0.000637
0.000856
0.001039
0.001287
0.000753
0.001767
0.001374
0.001206
0.000969
0.001529
0.000873
0.001028
0.000870
0.001711
0.001629
0.000975
0.000986
0.001377
0.001314
0.001173
0.001163
0.001959
0.001779
0.001004
0.001351
0.001220
0.001342
0.000676
0.000923
0.001278
0.000870
0.001364
0.000638
0.000983
0.001016
0.001738
0.001415
0.001307
0.001840
0.001054
0.001335
0.001007
0.000787
0.001370
0.001209
0.001367
0.001003
0.001369
0.001299
0.001446
0.001488
0.001217
0.001236
0.001324
0.001312
0.001050
0.001155
0.001115
0.001180
0.001083
0.001597
0.000921
0.000999
0.000887
0.001199
0.001239
0.001147
0.000622
0.001457
0.001256
0.001378
0.001158
0.000788
0.001828
0.001019
0.001571
0.001282
0.001302
0.000941
0.002059
0.000903
0.001060
0.000821
0.001270
0.000685
0.001048
0.002209
0.001204
0.000918
0.001310
0.000861
0.001429
0.000937
0.000916
0.000691
0.001244
0.001039
0.001514
0.001059
0.000973
0.001039
0.001848
0.001282
0.000897
0.001455
0.001203
0.001356
0.001209
0.001152
0.000859
0.001683
0.001062
0.000931
0.000930
0.001172
0.001015
0.000902
0.001198
0.001756
0.000685
0.001133
0.001712
0.001042
0.001707
0.001402
0.001112
0.001721
0.001335
0.001169
0.001380
0.001564
0.001429
0.001559
0.000966
0.001004
0.001181
0.001139
0.001680
0.001601
0.000945
0.001514
0.001003
0.001800
0.001230
0.001672
0.000930
0.000962
0.001007
0.001957
0.001364
0.001343
0.000683
0.001179
0.001001
0.001594
0.001076
0.000848
0.001715
0.000746
0.001511
0.000873
0.001208
0.001187
0.001093
0.001002
0.000923
0.001349
0.001215
0.001207
0.002000
0.000872
0.001229
0.001118
0.000928
0.001395
0.000901
0.001644
0.001498
0.001389
0.001137
0.001109
0.001484
0.000954
0.001227
0.001246
0.001227
0.001238
0.001284
0.000717
0.001313
0.001741
0.001463
0.001330
0.001676
0.001440
0.000811
0.001627
0.001123
0.001039
0.001669
0.000751
0.001575
0.001123
0.001624
0.001435
0.000917
0.001759
0.001391
0.001561
0.001555
0.001375
0.001667
0.000763
0.001400
0.001132
0.001260
0.001153
0.001113
0.001347
0.001091
0.001650
0.001176
0.000784
0.001536
0.001013
0.001322
0.001647
0.000875
0.001211
0.001359
0.001161
0.001986
0.001270
0.000916
0.001089
0.000669
0.000940
0.000968
0.001080
0.000787
0.001213
0.001249
0.001197
0.001582
0.001567
0.001596
0.001524
0.001082
0.001364
0.001237
0.001608
0.001779
0.001067
0.001636
0.001622
0.001495
0.001480
0.001657
0.001418
0.001372
0.001078
0.001265
0.000897
0.001128
0.001607
0.001153
0.001323
0.001609
0.001104
0.001264
0.001262
0.001224
0.001089
0.001642
0.001605
0.001073
0.001160
0.001224
0.001225
0.001102
0.000783
0.000899
0.000857
0.001210
0.001681
0.001299
0.001339
0.001460
0.000803
0.001006
0.000961
0.001392
0.001236
0.001272
0.000982
0.000851
0.000778
0.001268
0.000819
0.001107
0.001446
0.001184
0.001067
0.001017
0.001410
0.001281
0.001310
0.001403
0.001356
0.000774
0.001262
0.001240
0.001510
0.001548
0.001263
0.001405
0.001256
0.001620
0.001407
0.001468
0.000861
0.001424
0.001539
0.001281
0.001059
0.001107
0.001051
0.001598
0.001251
0.001409
0.001301
0.000980
0.000804
0.000726
0.001179
0.001444
0.001100
0.001131
0.001372
0.001132
0.001189
0.001152
0.001246
0.001161
0.001600
0.001305
0.001411
0.000989
0.001262
0.001149
0.002091
0.001571
0.001440
0.000687
0.001412
0.001390
0.001548
0.001397
0.001354
0.001130
0.001262
0.001656
0.001514
0.001150
0.001093
0.001270
0.001055
0.001498
0.001874
0.001848
0.001063
0.000986
0.001296
0.001046
0.001081
0.001001
0.001037
0.001191
0.001321
0.000569
0.001026
0.001418
0.001452
0.001079
0.001143
0.001188
0.001106
0.001174
0.000706
0.000729
0.001797
0.001469
0.000748
0.000938
0.001396
0.000874
0.001693
0.000519
0.001172
0.000964
0.001369
0.001086
0.001083
0.001172
0.001386
0.001325
0.001332
0.001331
0.000763
0.001083
0.001783
0.000967
0.001340
0.001344
0.001226
0.001130
0.001577
0.001135
0.001199
0.001329
0.001348
0.001295
0.000991
0.001019
0.000881
0.000866
0.001604
0.001009
0.001337
0.001275
0.000960
0.001165
0.001580
0.000840
0.000723
0.001707
0.001243
0.001015
0.001004
0.000986
0.001558
0.001274
0.000886
0.001172
0.000795
0.001515
0.000833
0.001127
0.000987
0.001220
0.001191
0.001726
0.001405
0.001390
0.000492
0.001286
0.001239
0.001275
0.001420
0.001603
0.001830
0.000687
0.001432
0.001251
0.001567
0.001412
0.001156
0.001221
0.001580
0.001367
0.001141
0.001301
0.001435
0.001310
0.001210
0.001007
0.001295
0.001172
0.001708
0.001050
0.001359
0.001093
0.001482
0.001574
0.000867
0.001022
0.001233
0.001434
0.001118
0.001725
0.001540
0.001525
0.001451
0.001187
0.001093
0.001195
0.001789
0.001277
0.001199
0.001435
0.001227
0.001267
0.001287
0.000909
0.001322
0.001164
0.001196
0.001183
0.001473
0.000763
0.000960
0.000830
0.001384
0.001682
0.001840
0.001658
0.001457
0.001612
0.001351
0.001113
0.000782
0.001390
0.001313
0.001097
0.001317
0.000822
0.001139
0.001481
0.000984
0.001246
0.001539
0.001557
0.001646
0.001150
0.001114
0.001429
0.001694
0.001210
0.001790
0.001424
0.001440
0.001658
0.001499
0.000727
0.000699
0.001621
0.001778
0.000910
0.001047
0.000991
0.001722
0.001512
0.001012
0.001189
0.001653
0.001365
0.001562
0.001399
0.000808
0.000912
0.001506
0.000798
0.001131
0.001059
0.001460
0.001328
0.001100
0.000991
0.001274
0.001441
0.001054
0.001705
0.000823
0.001509
0.001154
0.001371
0.001189
0.001512
0.000723
0.001313
0.001714
0.001156
0.001114
0.001532
0.001274
0.001199
0.001113
0.001152
0.001376
0.000897
0.001300
0.000806
0.001748
0.001623
0.001365
0.001207
0.000865
0.000962
0.001248
0.000988
0.001908
0.000630
0.001416
0.001526
0.001352
0.001384
0.001468
0.001218
0.002010
0.001126
0.001230
0.001173
0.001420
0.001433
0.001486
0.001503
0.001601
0.001368
0.001336
0.001358
0.001363
0.001567
0.000945
0.000802
0.000877
0.001101
0.001518
0.001178
0.001359
0.001706
0.001963
0.001178
0.001221
0.001076
0.000726
0.001200
0.001272
0.001713
0.001393
0.001138
0.001297
0.001235
0.001057
0.001227
0.001467
0.000844
0.001128
0.001349
0.001851
0.000876
0.000839
0.001298
0.001007
0.001066
0.001318
0.001264
0.001555
0.001156
0.001377
0.000902
0.001118
0.001575
0.000898
0.000905
0.001605
0.001277
0.001700
0.000757
0.001121
0.001705
0.001251
0.001410
0.001257
0.000910
0.001145
0.000947
0.001443
0.001467
0.001104
0.001390
0.001259
0.001329
0.001617
0.001119
0.001716
0.001010
0.001250
0.001016
0.001297
0.001749
0.001723
0.001764
0.001059
0.000859
0.000790
0.001034
0.001500
0.001364
0.001158
0.001530
0.001331
0.001370
0.001116
0.000888
0.001382
0.001653
0.001217
0.001323
0.001417
0.001787
0.001611
0.000896
0.001171
0.001840
0.001352
0.000909
0.001204
0.001234
0.001020
0.001130
0.001403
0.000872
0.001397
0.001592
0.001196
0.001243
0.000890
0.001748
0.001029
0.000792
0.001323
0.001599
0.000694
0.001441
0.001262
0.001323
0.001269
0.000985
0.002345
0.001332
0.001087
0.001108
0.001918
0.000796
0.000607
0.001296
0.001543
0.001437
0.000853
0.001302
0.001127
0.001211
0.001650
0.001171
0.001018
0.000962
0.001372
0.001308
0.001070
0.000857
0.001599
0.001443
0.001235
0.000972
0.001187
0.001719
0.001221
0.001175
0.001657
0.000889
0.001061
0.000963
0.001711
0.001361
0.000835
0.001767
0.001091
0.001308
0.001506
0.001276
0.000686
0.001269
0.001041
0.001011
0.001170
0.001311
0.001171
0.001133
0.001562
0.000964
0.001365
0.001774
0.001357
0.001265
0.002417
0.001202
0.001146
0.000851
0.000531
0.001819
0.000637
0.000856
0.001039
0.001287
0.000753
0.001767
0.001374
0.001206
0.000969
0.001529
0.000873
0.001028
0.000870
0.001711
0.001629
0.000975
0.000986
0.001377
0.001314
0.001173
0.001163
0.001959
0.001779
0.001004
0.001351
0.001220
0.001342
0.000676
0.000923
0.001278
0.000870
0.001364
0.000638
0.000983
0.001016
0.001738
0.001415
0.001307
0.001840
0.001054
0.001335
0.001007
0.000787
0.001370
0.001209
0.001367
0.001003
0.001369
0.001299
0.001446
0.001488
0.001217
0.001236
0.001324
0.001312
0.001050
0.001155
0.001115
0.001180
0.001083
0.001597
0.000921
0.000999
0.000887
0.001199
0.001239
0.001147
0.000622
0.001457
0.001256
0.001378
0.001158
0.000788
0.001828
0.001019
0.001571
0.001282
0.001302
0.000941
0.002059
0.000903
0.001060
0.000821
0.001270
0.000685
0.001048
0.002209
0.001204
0.000918
0.001310
0.000861
0.001429
0.000937
0.000916
0.000691
0.001244
0.001039
0.001514
0.001059
0.000973
0.001039
0.001848
0.001282
0.000897
0.001455
0.001203
0.001356
0.001209
0.001152
0.000859
0.001683
0.001062
0.000931
0.000930
0.001172
0.001015
0.000902
0.001198
0.001756
0.000685
0.001133
0.001712
0.001042
0.001707
0.001402
0.001112
0.001721
0.001335
0.001169
0.001380
0.001564
0.001429
0.001559
0.000966
0.001004
0.001181
0.001139
0.001680
0.001601
0.000945
0.001514
0.001003
0.001800
0.001230
0.001672
0.000930
0.000962
0.001007
0.001957
0.001364
0.001343
0.000683
0.001179
0.001001
0.001594
0.001076
0.000848
0.001715
0.000746
0.001511
0.000873
0.001208
0.001187
0.001093
0.001002
0.000923
0.001349
0.001215
0.001207
0.002000
0.000872
0.001229
0.001118
0.000928
0.001395
0.000901
0.001644
0.001498
0.001389
0.001137
0.001109
0.001484
0.000954
0.001227
0.001246
0.001227
0.001238
0.001284
0.000717
0.001313
0.001741
0.001463
0.001330
0.001676
0.001440
0.000811
0.001627
0.001123
0.001039
0.001669
0.000751
0.001575
0.001123
0.001624
0.001435
0.000917
0.001759
0.001391
0.001561
0.001555
0.001375
0.001667
0.000763
0.001400
0.001132
0.001260
0.001153
0.001113
0.001347
0.001091
0.001650
0.001176
0.000784
0.001536
0.001013
0.001322
0.001647
0.000875
0.001211
0.001359
0.001161
0.001986
0.001270
0.000916
0.001089
0.000669
0.000940
0.000968
0.001080
0.000787
0.001213
0.001249
0.001197
0.001582
0.001567
0.001596
0.001524
0.001082
0.001364
0.001237
0.001608
0.001779
0.001067
0.001636
0.001622
0.001495
0.001480
0.001657
0.001418
0.001372
0.001078
0.001265
0.000897
0.001128
0.001607
0.001153
0.001323
0.001609
0.001104
0.001264
0.001262
0.001224
0.001089
0.001642
0.001605
0.001073
0.001160
0.001224
0.001225
0.001102
0.000783
0.000899
0.000857
0.001210
0.001681
0.001299
0.001339
0.001460
0.000803
0.001006
0.000961
0.001392
0.001236
0.001272
0.000982
0.000851
0.000778
0.001268
0.000819
0.001107
0.001446
0.001184
0.001067
0.001017
0.001410
0.001281
0.001310
0.001403
0.001356
0.000774
0.001262
0.001240
0.001510
0.001548
0.001263
0.001405
0.001256
0.001620
0.001407
0.001468
0.000861
0.001424
0.001539
0.001281
0.001059
0.001107
0.001051
0.001598
0.001251
0.001409
0.001301
0.000980
0.000804
0.000726
0.001179
0.001444
0.001100
0.001131
0.001372
0.001132
0.001189
0.001152
0.001246
0.001161
0.001600
0.001305
0.001411
0.000989
0.001262
0.001149
0.002091
0.001571
0.001440
0.000687
0.001412
0.001390
0.001548
0.001397
0.001354
0.001130
0.001262
0.001656
0.001514
0.001150
0.001093
0.001270
0.001055
0.001498
0.001874
0.001848
0.001063
0.000986
0.001296
0.001046
0.001081
0.001001
0.001037
0.001191
0.001321
0.000569
0.001026
0.001418
0.001452
0.001079
0.001143
0.001188
0.001106
0.001174
0.000706
0.000729
0.001797
0.001469
0.000748
0.000938
0.001396
0.000874
0.001693
0.000519
0.001172
0.000964
0.001369
0.001086
0.001083
0.001172
0.001386
0.001325
0.001332
0.001331
0.000763
0.001083
0.001783
0.000967
0.001340
0.001344
0.001226
0.001130
0.001577
0.001135
0.001199
0.001329
0.001348
0.001295
0.000991
0.001019
0.000881
0.000866
0.001604
0.001009
0.001337
0.001275
0.000960
0.001165
0.001580
0.000840
0.000723
0.001707
0.001243
0.001015
0.001004
0.000986
0.001558
0.001274
0.000886
0.001172
0.000795
0.001515
0.000833
0.001127
0.000987
0.001220
0.001191
0.001726
0.001405
0.001390
0.000492
0.001286
0.001239
0.001275
0.001420
0.001603
0.001830
0.000687
0.001432
0.001251
0.001567
0.001412
0.001156
0.001221
0.001580
0.001367
0.001141
0.001301
0.001435
0.001310
0.001210
0.001007
0.001295
0.001172
0.001708
0.001050
0.001359
0.001093
0.001482
0.001574
0.000867
0.001022
0.001233
0.001434
0.001118
0.001725
0.001540
0.001525
0.001451
0.001187
0.001093
0.001195
0.001789
0.001277
0.001199
0.001435
0.001227
0.001267
0.001287
0.000909
0.001322
0.001164
0.001196
0.001183
0.001473
0.000763
0.000960
0.000830
0.001384
0.001682
0.001840
0.001658
0.001457
0.001612
0.001351
0.001113
0.000782
0.001390
0.001313
0.001097
0.001317
0.000822
0.001139
0.001481
0.000984
0.001246
0.001539
0.001557
0.001646
0.001150
0.001114
0.001429
0.001694
0.001210
0.001790
0.001424
0.001440
0.001658
0.001499
0.000727
0.000699
0.001621
0.001778
0.000910
0.001047
0.000991
0.001722
0.001512
0.001012
0.001189
0.001653
0.001365
0.001562
0.001399
0.000808
0.000912
0.001506
0.000798
0.001131
0.001059
0.001460
0.001328
0.001100
0.000991
0.001274
0.001441
0.001054
0.001705
0.000823
0.001509
0.001154
0.001371
0.001189
0.001512
0.000723
0.001313
0.001714
0.001156
0.001114
0.001532
0.001274
0.001199
0.001113
0.001152
0.001376
0.000897
0.001300
0.000806
0.001748
0.001623
0.001365
0.001207
0.000865
0.000962
0.001248
0.000988
0.001908
0.000630
0.001416
0.001526
0.001352
0.001384
0.001468
0.001218
0.002010
0.001126
0.001230
0.001173
0.001420
0.001433
0.001486
0.001503
0.001601
0.001368
0.001336
0.001358
0.001363
0.001567
0.000945
0.000802
0.000877
0.001101
0.001518
0.001178
0.001359
0.001706
0.001963
0.001178
0.001221
0.001076
0.000726
0.001200
0.001272
0.001713
0.001393
0.001138
0.001297
0.001235
0.001057
0.001227
0.001467
0.000844
0.001128
0.001349
0.001851
0.000876
0.000839
0.001298
0.001007
0.001066
0.001318
0.001264
0.001555
0.001156
0.001377
0.000902
0.001118
0.001575
0.000898
0.000905
0.001605
0.001277
0.001700
0.000757
0.001121
0.001705
0.001251
0.001410
0.001257
0.000910
0.001145
0.000947
0.001443
0.001467
0.001104
0.001390
0.001259
0.001329
0.001617
0.001119
0.001716
0.001010
0.001250
0.001016
0.001297
0.001749
0.001723
0.001764
0.001059
0.000859
0.000790
0.001034
0.001500
0.001364
0.001158
0.001530
0.001331
0.001370
0.001116
0.000888
0.001382
0.001653
0.001217
0.001323
0.001417
0.001787
0.001611
0.000896
0.001171
0.001840
0.001352
0.000909
0.001204
0.001234
0.001020
0.001130
0.001403
0.000872
0.001397
0.001592
0.001196
0.001243
0.000890
0.001748
0.001029
0.000792
0.001323
0.001599
0.000694
0.001441
0.001262
0.001323
0.001269
0.000985
0.002345
0.001332
0.001087
0.001108
0.001918
0.000796
0.000607
0.001296
0.001543
0.001437
0.000853
0.001302
0.001127
0.001211
0.001650
0.001171
0.001018
0.000962
0.001372
0.001308
0.001070
0.000857
0.001599
0.001443
0.001235
0.000972
0.001187
0.001719
0.001221
0.001175
0.001657
0.000889
0.001061
0.000963
0.001711
0.001361
0.000835
0.001767
0.001091
0.001308
0.001506
0.001276
0.000686
0.001269
0.001041
0.001011
0.001170
0.001311
0.001171
0.001133
0.001562
0.000964
0.001365
0.001774
0.001357
0.001265
0.002417
0.001202
0.001146
0.000851
0.000531
0.001819
0.000637
0.000856
0.001039
0.001287
0.000753
0.001767
0.001374
0.001206
0.000969
0.001529
0.000873
0.001028
0.000870
0.001711
0.001629
0.000975
0.000986
0.001377
0.001314
0.001173
0.001163
0.001959
0.001779
0.001004
0.001351
0.001220
0.001342
0.000676
0.000923
0.001278
0.000870
0.001364
0.000638
0.000983
0.001016
0.001738
0.001415
0.001307
0.001840
0.001054
0.001335
0.001007
0.000787
0.001370
0.001209
0.001367
0.001003
0.001369
0.001299
0.001446
0.001488
0.001217
0.001236
0.001324
0.001312
0.001050
0.001155
0.001115
0.001180
0.001083
0.001597
0.000921
0.000999
0.000887
0.001199
0.001239
0.001147
0.000622
0.001457
0.001256
0.001378
0.001158
0.000788
0.001828
0.001019
0.001571
0.001282
0.001302
0.000941
0.002059
0.000903
0.001060
0.000821
0.001270
0.000685
0.001048
0.002209
0.001204
0.000918
0.001310
0.000861
0.001429
0.000937
0.000916
0.000691
0.001244
0.001039
0.001514
0.001059
0.000973
0.001039
0.001848
0.001282
0.000897
0.001455
0.001203
0.001356
0.001209
0.001152
0.000859
0.001683
0.001062
0.000931
0.000930
0.001172
0.001015
0.000902
0.001198
0.001756
0.000685
0.001133
0.001712
0.001042
0.001707
0.001402
0.001112
0.001721
0.001335
0.001169
0.001380
0.001564
0.001429
0.001559
0.000966
0.001004
0.001181
0.001139
0.001680
0.001601
0.000945
0.001514
0.001003
0.001800
0.001230
0.001672
0.000930
0.000962
0.001007
0.001957
0.001364
0.001343
0.000683
0.001179
0.001001
0.001594
0.001076
0.000848
0.001715
0.000746
0.001511
0.000873
0.001208
0.001187
0.001093
0.001002
0.000923
0.001349
0.001215
0.001207
0.002000
0.000872
0.001229
0.001118
0.000928
0.001395
0.000901
0.001644
0.001498
0.001389
0.001137
0.001109
0.001484
0.000954
0.001227
0.001246
0.001227
0.001238
0.001284
0.000717
0.001313
0.001741
0.001463
0.001330
0.001676
0.001440
0.000811
0.001627
0.001123
0.001039
0.001669
0.000751
0.001575
0.001123
0.001624
0.001435
0.000917
0.001759
0.001391
0.001561
0.001555
0.001375
0.001667
0.000763
0.001400
0.001132
0.001260
0.001153
0.001113
0.001347
0.001091
0.001650
0.001176
0.000784
0.001536
0.001013
0.001322
0.001647
0.000875
0.001211
0.001359
0.001161
0.001986
0.001270
0.000916
0.001089
0.000669
0.000940
0.000968
0.001080
0.000787
0.001213
0.001249
0.001197
0.001582
0.001567
0.001596
0.001524
0.001082
0.001364
0.001237
0.001608
0.001779
0.001067
0.001636
0.001622
0.001495
0.001480
0.001657
0.001418
0.001372
0.001078
0.001265
0.000897
0.001128
0.001607
0.001153
0.001323
0.001609
0.001104
0.001264
0.001262
0.001224
0.001089
0.001642
0.001605
0.001073
0.001160
0.001224
0.001225
0.001102
0.000783
0.000899
0.000857
0.001210
0.001681
0.001299
0.001339
0.001460
0.000803
0.001006
0.000961
0.001392
0.001236
0.001272
0.000982
0.000851
0.000778
0.001268
0.000819
0.001107
0.001446
0.001184
0.001067
0.001017
0.001410
0.001281
0.001310
0.001403
0.001356
0.000774
0.001262
0.001240
0.001510
0.001548
0.001263
0.001405
0.001256
0.001620
0.001407
0.001468
0.000861
0.001424
0.001539
0.001281
0.001059
0.001107
0.001051
0.001598
0.001251
0.001409
0.001301
0.000980
0.000804
0.000726
0.001179
0.001444
0.001100
0.001131
0.001372
0.001132
0.001189
0.001152
0.001246
0.001161
0.001600
0.001305
0.001411
0.000989
0.001262
0.001149
0.002091
0.001571
0.001440
0.000687
0.001412
0.001390
0.001548
0.001397
0.001354
0.001130
0.001262
0.001656
0.001514
0.001150
0.001093
0.001270
0.001055
0.001498
0.001874
0.001848
0.001063
0.000986
0.001296
0.001046
0.001081
0.001001
0.001037
0.001191
0.001321
0.000569
0.001026
0.001418
0.001452
0.001079
0.001143
0.001188
0.001106
0.001174
0.000706
0.000729
0.001797
0.001469
0.000748
0.000938
0.001396
0.000874
0.001693
0.000519
0.001172
0.000964
0.001369
0.001086
0.001083
0.001172
0.001386
0.001325
0.001332
0.001331
0.000763
0.001083
0.001783
0.000967
0.001340
0.001344
0.001226
0.001130
0.001577
0.001135
0.001199
0.001329
0.001348
0.001295
0.000991
0.001019
0.000881
0.000866
0.001604
0.001009
0.001337
0.001275
0.000960
0.001165
0.001580
0.000840
0.000723
0.001707
0.001243
0.001015
0.001004
0.000986
0.001558
0.001274
0.000886
0.001172
0.000795
0.001515
0.000833
0.001127
0.000987
0.001220
0.001191
0.001726
0.001405
0.001390
0.000492
0.001286
0.001239
0.001275
0.001420
0.001603
0.001830
0.000687
0.001432
0.001251
0.001567
0.001412
0.001156
0.001221
0.001580
0.001367
0.001141
0.001301
0.001435
0.001310
0.001210
0.001007
0.001295
0.001172
0.001708
0.001050
0.001359
0.001093
0.001482
0.001574
0.000867
0.001022
0.001233
0.001434
0.001118
0.001725
0.001540
0.001525
0.001451
0.001187
0.001093
0.001195
0.001789
0.001277
0.001199
0.001435
0.001227
0.001267
0.001287
0.000909
0.001322
0.001164
0.001196
0.001183
0.001473
0.000763
0.000960
0.000830
0.001384
0.001682
0.001840
0.001658
0.001457
0.001612
0.001351
0.001113
0.000782
0.001390
0.001313
0.001097
0.001317
0.000822
0.001139
0.001481
0.000984
0.001246
0.001539
0.001557
0.001646
0.001150
0.001114
0.001429
0.001694
0.001210
0.001790
0.001424
0.001440
0.001658
0.001499
0.000727
0.000699
0.001621
0.001778
0.000910
0.001047
0.000991
0.001722
0.001512
0.001012
0.001189
0.001653
0.001365
0.001562
0.001399
0.000808
0.000912
0.001506
0.000798
0.001131
0.001059
0.001460
0.001328
0.001100
0.000991
0.001274
0.001441
0.001054
0.001705
0.000823
0.001509
0.001154
0.001371
0.001189
0.001512
0.000723
0.001313
0.001714
0.001156
0.001114
0.001532
0.001274
0.001199
0.001113
0.001152
0.001376
0.000897
0.001300
0.000806
0.001748
0.001623
0.001365
0.001207
0.000865
0.000962
0.001248
0.000988
0.001908
0.000630
0.001416
0.001526
0.001352
0.001384
0.001468
0.001218
0.002010
0.001126
0.001230
0.001173
0.001420
0.001433
0.001486
0.001503
0.001601
0.001368
0.001336
0.001358
0.001363
0.001567
0.000945
0.000802
0.000877
0.001101
0.001518
0.001178
0.001359
0.001706
0.001963
0.001178
0.001221
0.001076
0.000726
0.001200
0.001272
0.001713
0.001393
0.001138
0.001297
0.001235
0.001057
0.001227
0.001467
0.000844
0.001128
0.001349
0.001851
0.000876
0.000839
0.001298
0.001007
0.001066
0.001318
0.001264
0.001555
0.001156
0.001377
0.000902
0.001118
0.001575
0.000898
0.000905
0.001605
0.001277
0.001700
0.000757
0.001121
0.001705
0.001251
0.001410
0.001257
0.000910
0.001145
0.000947
0.001443
0.001467
0.001104
0.001390
0.001259
0.001329
0.001617
0.001119
0.001716
0.001010
0.001250
0.001016
0.001297
0.001749
0.001723
0.001764
0.001059
0.000859
0.000790
0.001034
0.001500
0.001364
0.001158
0.001530
0.001331
0.001370
0.001116
0.000888
0.001382
0.001653
0.001217
0.001323
0.001417
0.001787
0.001611
0.000896
0.001171
0.001840
0.001352
0.000909
0.001204
0.001234
0.001020
0.001130
0.001403
0.000872
0.001397
0.001592
0.001196
0.001243
0.000890
0.001748
0.001029
0.000792
0.001323
0.001599
0.000694
0.001441
0.001262
0.001323
0.001269
0.000985
0.002345
0.001332
0.001087
0.001108
0.001918
0.000796
0.000607
0.001296
0.001543
0.001437
0.000853
0.001302
0.001127
0.001211
0.001650
0.001171
0.001018
0.000962
0.001372
0.001308
0.001070
0.000857
0.001599
0.001443
0.001235
0.000972
0.001187
0.001719
0.001221
0.001175
0.001657
0.000889
0.001061
0.000963
0.001711
0.001361
0.000835
0.001767
0.001091
0.001308
0.001506
0.001276
0.000686
0.001269
0.001041
0.001011
0.001170
0.001311
0.001171
0.001133
0.001562
0.000964
0.001365
0.001774
0.001357
0.001265
0.002417
0.001202
0.001146
0.000851
0.000531
0.001819
0.000637
0.000856
0.001039
0.001287
0.000753
0.001767
0.001374
0.001206
0.000969
0.001529
0.000873
0.001028
0.000870
0.001711
0.001629
0.000975
0.000986
0.001377
0.001314
0.001173
0.001163
0.001959
0.001779
0.001004
0.001351
0.001220
0.001342
0.000676
0.000923
0.001278
0.000870
0.001364
0.000638
0.000983
0.001016
0.001738
0.001415
0.001307
0.001840
0.001054
0.001335
0.001007
0.000787
0.001370
0.001209
0.001367
0.001003
0.001369
0.001299
0.001446
0.001488
0.001217
0.001236
0.001324
0.001312
0.001050
0.001155
0.001115
0.001180
0.001083
0.001597
0.000921
0.000999
0.000887
0.001199
0.001239
0.001147
0.000622
0.001457
0.001256
0.001378
0.001158
0.000788
0.001828
0.001019
0.001571
0.001282
0.001302
0.000941
0.002059
0.000903
0.001060
0.000821
0.001270
0.000685
0.001048
0.002209
0.001204
0.000918
0.001310
0.000861
0.001429
0.000937
0.000916
0.000691
0.001244
0.001039
0.001514
0.001059
0.000973
0.001039
0.001848
0.001282
0.000897
0.001455
0.001203
0.001356
0.001209
0.001152
0.000859
0.001683
0.001062
0.000931
0.000930
0.001172
0.001015
0.000902
0.001198
0.001756
0.000685
0.001133
0.001712
0.001042
0.001707
0.001402
0.001112
0.001721
0.001335
0.001169
0.001380
0.001564
0.001429
0.001559
0.000966
0.001004
0.001181
0.001139
0.001680
0.001601
0.000945
0.001514
0.001003
0.001800
0.001230
0.001672
0.000930
0.000962
0.001007
0.001957
0.001364
0.001343
0.000683
0.001179
0.001001
0.001594
0.001076
0.000848
0.001715
0.000746
0.001511
0.000873
0.001208
0.001187
0.001093
0.001002
0.000923
0.001349
0.001215
0.001207
0.002000
0.000872
0.001229
0.001118
0.000928
0.001395
0.000901
0.001644
0.001498
0.001389
0.001137
0.001109
0.001484
0.000954
0.001227
0.001246
0.001227
0.001238
0.001284
0.000717
0.001313
0.001741
0.001463
0.001330
0.001676
0.001440
0.000811
0.001627
0.001123
0.001039
0.001669
0.000751
0.001575
0.001123
0.001624
0.001435
0.000917
0.001759
0.001391
0.001561
0.001555
0.001375
0.001667
0.000763
0.001400
0.001132
0.001260
0.001153
0.001113
0.001347
0.001091
0.001650
0.001176
0.000784
0.001536
0.001013
0.001322
0.001647
0.000875
0.001211
0.001359
0.001161
0.001986
0.001270
0.000916
0.001089
0.000669
0.000940
0.000968
0.001080
0.000787
0.001213
0.001249
0.001197
0.001582
0.001567
0.001596
0.001524
0.001082
0.001364
0.001237
0.001608
0.001779
0.001067
0.001636
0.001622
0.001495
0.001480
0.001657
0.001418
0.001372
0.001078
0.001265
0.000897
0.001128
0.001607
0.001153
0.001323
0.001609
0.001104
0.001264
0.001262
0.001224
0.001089
0.001642
0.001605
0.001073
0.001160
0.001224
0.001225
0.001102
0.000783
0.000899
0.000857
0.001210
0.001681
0.001299
0.001339
0.001460
0.000803
0.001006
0.000961
0.001392
0.001236
0.001272
0.000982
0.000851
0.000778
0.001268
0.000819
0.001107
0.001446
0.001184
0.001067
0.001017
0.001410
0.001281
0.001310
0.001403
0.001356
0.000774
0.001262
0.001240
0.001510
0.001548
0.001263
0.001405
0.001256
0.001620
0.001407
0.001468
0.000861
0.001424
0.001539
0.001281
0.001059
0.001107
0.001051
0.001598
0.001251
0.001409
0.001301
0.000980
0.000804
0.000726
0.001179
0.001444
0.001100
0.001131
0.001372
0.001132
0.001189
0.001152
0.001246
0.001161
0.001600
0.001305
0.001411
0.000989
0.001262
0.001149
0.002091
0.001571
0.001440
0.000687
0.001412
0.001390
0.001548
0.001397
0.001354
0.001130
0.001262
0.001656
0.001514
0.001150
0.001093
0.001270
0.001055
0.001498
0.001874
0.001848
0.001063
0.000986
0.001296
0.001046
0.001081
0.001001
0.001037
0.001191
0.001321
0.000569
0.001026
0.001418
0.001452
0.001079
0.001143
0.001188
0.001106
0.001174
0.000706
0.000729
0.001797
0.001469
0.000748
0.000938
0.001396
0.000874
0.001693
0.000519
0.001172
0.000964
0.001369
0.001086
0.001083
0.001172
0.001386
0.001325
0.001332
0.001331
0.000763
0.001083
0.001783
0.000967
0.001340
0.001344
0.001226
0.001130
0.001577
0.001135
0.001199
0.001329
0.001348
0.001295
0.000991
0.001019
0.000881
0.000866
0.001604
0.001009
0.001337
0.001275
0.000960
0.001165
0.001580
0.000840
0.000723
0.001707
0.001243
0.001015
0.001004
0.000986
0.001558
0.001274
0.000886
0.001172
0.000795
0.001515
0.000833
0.001127
0.000987
0.001220
0.001191
0.001726
0.001405
0.001390
0.000492
0.001286
0.001239
0.001275
0.001420
0.001603
0.001830
0.000687
0.001432
0.001251
0.001567
0.001412
0.001156
0.001221
0.001580
0.001367
0.001141
0.001301
0.001435
0.001310
0.001210
0.001007
0.001295
0.001172
0.001708
0.001050
0.001359
0.001093
0.001482
0.001574
0.000867
0.001022
0.001233
0.001434
0.001118
0.001725
0.001540
0.001525
0.001451
0.001187
0.001093
0.001195
0.001789
0.001277
0.001199
0.001435
0.001227
0.001267
0.001287
0.000909
0.001322
0.001164
0.001196
0.001183
0.001473
0.000763
0.000960
0.000830
0.001384
0.001682
0.001840
0.001658
0.001457
0.001612
0.001351
0.001113
0.000782
0.001390
0.001313
0.001097
0.001317
0.000822
0.001139
0.001481
0.000984
0.001246
0.001539
0.001557
0.001646
0.001150
0.001114
0.001429
0.001694
0.001210
0.001790
0.001424
0.001440
0.001658
0.001499
0.000727
0.000699
0.001621
0.001778
0.000910
0.001047
0.000991
0.001722
0.001512
0.001012
0.001189
0.001653
0.001365
0.001562
0.001399
0.000808
0.000912
0.001506
0.000798
0.001131
0.001059
0.001460
0.001328
0.001100
0.000991
0.001274
0.001441
0.001054
0.001705
0.000823
0.001509
0.001154
0.001371
0.001189
0.001512
0.000723
0.001313
0.001714
0.001156
0.001114
0.001532
0.001274
0.001199
0.001113
0.001152
0.001376
0.000897
0.001300
0.000806
0.001748
0.001623
0.001365
0.001207
0.000865
0.000962
0.001248
0.000988
0.001908
0.000630
0.001416
0.001526
0.001352
0.001384
0.001468
0.001218
0.002010
0.001126
0.001230
0.001173
0.001420
0.001433
0.001486
0.001503
0.001601
0.001368
0.001336
0.001358
0.001363
0.001567
0.000945
0.000802
0.000877
0.001101
0.001518
0.001178
0.001359
0.001706
0.001963
0.001178
0.001221
0.001076
0.000726
0.001200
0.001272
0.001713
0.001393
0.001138
0.001297
0.001235
0.001057
0.001227
0.001467
0.000844
0.001128
0.001349
0.001851
0.000876
0.000839
0.001298
0.001007
0.001066
0.001318
0.001264
0.001555
0.001156
0.001377
0.000902
0.001118
0.001575
0.000898
0.000905
0.001605
0.001277
0.001700
0.000757
0.001121
0.001705
0.001251
0.001410
0.001257
0.000910
0.001145
0.000947
0.001443
0.001467
0.001104
0.001390
0.001259
0.001329
0.001617
0.001119
0.001716
0.001010
0.001250
0.001016
0.001297
0.001749
0.001723
0.001764
0.001059
0.000859
0.000790
0.001034
0.001500
0.001364
0.001158
0.001530
0.001331
0.001370
0.001116
0.000888
0.001382
0.001653
0.001217
0.001323
0.001417
0.001787
0.001611
0.000896
0.001171
0.001840
0.001352
0.000909
0.001204
0.001234
0.001020
0.001130
0.001403
0.000872
0.001397
0.001592
0.001196
0.001243
0.000890
0.001748
0.001029
0.000792
0.001323
0.001599
0.000694
0.001441
0.001262
0.001323
0.001269
0.000985
0.002345
0.001332
0.001087
0.001108
0.001918
0.000796
0.000607
0.001296
0.001543
0.001437
0.000853
0.001302
0.001127
0.001211
0.001650
0.001171
0.001018
0.000962
0.001372
0.001308
0.001070
0.000857
0.001599
0.001443
0.001235
0.000972
0.001187
0.001719
0.001221
0.001175
0.001657
0.000889
0.001061
0.000963
0.001711
0.001361
0.000835
0.001767
0.001091
0.001308
0.001506
0.001276
0.000686
0.001269
0.001041
0.001011
0.001170
0.001311
0.001171
0.001133
0.001562
0.000964
0.001365
0.001774
0.001357
0.001265
0.002417
0.001202
0.001146
0.000851
0.000531
0.001819
0.000637
0.000856
0.001039
0.001287
0.000753
0.001767
0.001374
0.001206
0.000969
0.001529
0.000873
0.001028
0.000870
0.001711
0.001629
0.000975
0.000986
0.001377
0.001314
0.001173
0.001163
0.001959
0.001779
0.001004
0.001351
0.001220
0.001342
0.000676
0.000923
0.001278
0.000870
0.001364
0.000638
0.000983
0.001016
0.001738
0.001415
0.001307
0.001840
0.001054
0.001335
0.001007
0.000787
0.001370
0.001209
0.001367
0.001003
0.001369
0.001299
0.001446
0.001488
0.001217
0.001236
0.001324
0.001312
0.001050
0.001155
0.001115
0.001180
0.001083
0.001597
0.000921
0.000999
0.000887
0.001199
0.001239
0.001147
0.000622
0.001457
0.001256
0.001378
0.001158
0.000788
0.001828
0.001019
0.001571
0.001282
0.001302
0.000941
0.002059
0.000903
0.001060
0.000821
0.001270
0.000685
0.001048
0.002209
0.001204
0.000918
0.001310
0.000861
0.001429
0.000937
0.000916
0.000691
0.001244
0.001039
0.001514
0.001059
0.000973
0.001039
0.001848
0.001282
0.000897
0.001455
0.001203
0.001356
0.001209
0.001152
0.000859
0.001683
0.001062
0.000931
0.000930
0.001172
0.001015
0.000902
0.001198
0.001756
0.000685
0.001133
0.001712
0.001042
0.001707
0.001402
0.001112
0.001721
0.001335
0.001169
0.001380
0.001564
0.001429
0.001559
0.000966
0.001004
0.001181
0.001139
0.001680
0.001601
0.000945
0.001514
0.001003
0.001800
0.001230
0.001672
0.000930
0.000962
0.001007
0.001957
0.001364
0.001343
0.000683
0.001179
0.001001
0.001594
0.001076
0.000848
0.001715
0.000746
0.001511
0.000873
0.001208
0.001187
0.001093
0.001002
0.000923
0.001349
0.001215
0.001207
0.002000
0.000872
0.001229
0.001118
0.000928
0.001395
0.000901
0.001644
0.001498
0.001389
0.001137
0.001109
0.001484
0.000954
0.001227
0.001246
0.001227
0.001238
0.001284
0.000717
0.001313
0.001741
0.001463
0.001330
0.001676
0.001440
0.000811
0.001627
0.001123
0.001039
0.001669
0.000751
0.001575
0.001123
0.001624
0.001435
0.000917
0.001759
0.001391
0.001561
0.001555
0.001375
0.001667
0.000763
0.001400
0.001132
0.001260
0.001153
0.001113
0.001347
0.001091
0.001650
0.001176
0.000784
0.001536
0.001013
0.001322
0.001647
0.000875
0.001211
0.001359
0.001161
0.001986
0.001270
0.000916
0.001089
0.000669
0.000940
0.000968
0.001080
0.000787
0.001213
0.001249
0.001197
0.001582
0.001567
0.001596
0.001524
0.001082
0.001364
0.001237
0.001608
0.001779
0.001067
0.001636
0.001622
0.001495
0.001480
0.001657
0.001418
0.001372
0.001078
0.001265
0.000897
0.001128
0.001607
0.001153
0.001323
0.001609
0.001104
0.001264
0.001262
0.001224
0.001089
0.001642
0.001605
0.001073
0.001160
0.001224
0.001225
0.001102
0.000783
0.000899
0.000857
0.001210
0.001681
0.001299
0.001339
0.001460
0.000803
0.001006
0.000961
0.001392
0.001236
0.001272
0.000982
0.000851
0.000778
0.001268
0.000819
0.001107
0.001446
0.001184
0.001067
0.001017
0.001410
0.001281
0.001310
0.001403
0.001356
0.000774
0.001262
0.001240
0.001510
0.001548
0.001263
0.001405
0.001256
0.001620
0.001407
0.001468
0.000861
0.001424
0.001539
0.001281
0.001059
0.001107
0.001051
0.001598
0.001251
0.001409
0.001301
0.000980
0.000804
0.000726
0.001179
0.001444
0.001100
0.001131
0.001372
0.001132
0.001189
0.001152
0.001246
0.001161
0.001600
0.001305
0.001411
0.000989
0.001262
0.001149
0.002091
0.001571
0.001440
0.000687
0.001412
0.001390
0.001548
0.001397
0.001354
0.001130
0.001262
0.001656
0.001514
0.001150
0.001093
0.001270
0.001055
0.001498
0.001874
0.001848
0.001063
0.000986
0.001296
0.001046
0.001081
0.001001
0.001037
0.001191
0.001321
0.000569
0.001026
0.001418
0.001452
0.001079
0.001143
0.001188
0.001106
0.001174
0.000706
0.000729
0.001797
0.001469
0.000748
0.000938
0.001396
0.000874
0.001693
0.000519
0.001172
0.000964
0.001369
0.001086
0.001083
0.001172
0.001386
0.001325
0.001332
0.001331
0.000763
0.001083
0.001783
0.000967
0.001340
0.001344
0.001226
0.001130
0.001577
0.001135
0.001199
0.001329
0.001348
0.001295
0.000991
0.001019
0.000881
0.000866
0.001604
0.001009
0.001337
0.001275
0.000960
0.001165
0.001580
0.000840
0.000723
0.001707
0.001243
0.001015
0.001004
0.000986
0.001558
0.001274
0.000886
0.001172
0.000795
0.001515
0.000833
0.001127
0.000987
0.001220
0.001191
0.001726
0.001405
0.001390
0.000492
0.001286
0.001239
0.001275
0.001420
0.001603
0.001830
0.000687
0.001432
0.001251
0.001567
0.001412
0.001156
0.001221
0.001580
0.001367
0.001141
0.001301
0.001435
0.001310
0.001210
0.001007
0.001295
0.001172
0.001708
0.001050
0.001359
0.001093
0.001482
0.001574
0.000867
0.001022
0.001233
0.001434
0.001118
0.001725
0.001540
0.001525
0.001451
0.001187
0.001093
0.001195
0.001789
0.001277
0.001199
0.001435
0.001227
0.001267
0.001287
0.000909
0.001322
0.001164
0.001196
0.001183
0.001473
0.000763
0.000960
0.000830
0.001384
0.001682
0.001840
0.001658
0.001457
0.001612
0.001351
0.001113
0.000782
0.001390
0.001313
0.001097
0.001317
0.000822
0.001139
0.001481
0.000984
0.001246
0.001539
0.001557
0.001646
0.001150
0.001114
0.001429
0.001694
0.001210
0.001790
0.001424
0.001440
0.001658
0.001499
0.000727
0.000699
0.001621
0.001778
0.000910
0.001047
0.000991
0.001722
0.001512
0.001012
0.001189
0.001653
0.001365
0.001562
0.001399
0.000808
0.000912
0.001506
0.000798
0.001131
0.001059
0.001460
0.001328
0.001100
0.000991
0.001274
0.001441
0.001054
0.001705
0.000823
0.001509
0.001154
0.001371
0.001189
0.001512
0.000723
0.001313
0.001714
0.001156
0.001114
0.001532
0.001274
0.001199
0.001113
0.001152
0.001376
0.000897
0.001300
0.000806
0.001748
0.001623
0.001365
0.001207
0.000865
0.000962
0.001248
0.000988
0.001908
0.000630
0.001416
0.001526
0.001352
0.001384
0.001468
0.001218
0.002010
0.001126
0.001230
0.001173
0.001420
0.001433
0.001486
0.001503
0.001601
0.001368
0.001336
0.001358
0.001363
0.001567
0.000945
0.000802
0.000877
0.001101
0.001518
0.001178
0.001359
0.001706
0.001963
0.001178
0.001221
0.001076
0.000726
0.001200
0.001272
0.001713
0.001393
0.001138
0.001297
0.001235
0.001057
0.001227
0.001467
0.000844
0.001128
0.001349
0.001851
0.000876
0.000839
0.001298
0.001007
0.001066
0.001318
0.001264
0.001555
0.001156
0.001377
0.000902
0.001118
0.001575
0.000898
0.000905
0.001605
0.001277
0.001700
0.000757
0.001121
0.001705
0.001251
0.001410
0.001257
0.000910
0.001145
0.000947
0.001443
0.001467
0.001104
0.001390
0.001259
0.001329
0.001617
0.001119
0.001716
0.001010
0.001250
0.001016
0.001297
0.001749
0.001723
0.001764
0.001059
0.000859
0.000790
0.001034
0.001500
0.001364
0.001158
0.001530
0.001331
0.001370
0.001116
0.000888
0.001382
0.001653
0.001217
0.001323
0.001417
0.001787
0.001611
0.000896
0.001171
0.001840
0.001352
0.000909
0.001204
0.001234
0.001020
0.001130
0.001403
0.000872
0.001397
0.001592
0.001196
0.001243
0.000890
0.001748
0.001029
0.000792
0.001323
0.001599
0.000694
0.001441
0.001262
0.001323
0.001269
0.000985
0.002345
0.001332
0.001087
0.001108
0.001918
0.000796
0.000607
0.001296
0.001543
0.001437
0.000853
0.001302
0.001127
0.001211
0.001650
0.001171
0.001018
0.000962
0.001372
0.001308
0.001070
0.000857
0.001599
0.001443
0.001235
0.000972
0.001187
0.001719
0.001221
0.001175
0.001657
0.000889
0.001061
0.000963
0.001711
0.001361
0.000835
0.001767
0.001091
0.001308
0.001506
0.001276
0.000686
0.001269
0.001041
0.001011
0.001170
0.001311
0.001171
0.001133
0.001562
0.000964
0.001365
0.001774
0.001357
0.001265
0.002417
0.001202
0.001146
0.000851
0.000531
0.001819
0.000637
0.000856
0.001039
0.001287
0.000753
0.001767
0.001374
0.001206
0.000969
0.001529
0.000873
0.001028
0.000870
0.001711
0.001629
0.000975
0.000986
0.001377
0.001314
0.001173
0.001163
0.001959
0.001779
0.001004
0.001351
0.001220
0.001342
0.000676
0.000923
0.001278
0.000870
0.001364
0.000638
0.000983
0.001016
0.001738
0.001415
0.001307
0.001840
0.001054
0.001335
0.001007
0.000787
0.001370
0.001209
0.001367
0.001003
0.001369
0.001299
0.001446
0.001488
0.001217
0.001236
0.001324
0.001312
0.001050
0.001155
0.001115
0.001180
0.001083
0.001597
0.000921
0.000999
0.000887
0.001199
0.001239
0.001147
0.000622
0.001457
0.001256
0.001378
0.001158
0.000788
0.001828
0.001019
0.001571
0.001282
0.001302
0.000941
0.002059
0.000903
0.001060
0.000821
0.001270
0.000685
0.001048
0.002209
0.001204
0.000918
0.001310
0.000861
0.001429
0.000937
0.000916
0.000691
0.001244
0.001039
0.001514
0.001059
0.000973
0.001039
0.001848
0.001282
0.000897
0.001455
0.001203
0.001356
0.001209
0.001152
0.000859
0.001683
0.001062
0.000931
0.000930
0.001172
0.001015
0.000902
0.001198
0.001756
0.000685
0.001133
0.001712
0.001042
0.001707
0.001402
0.001112
0.001721
0.001335
0.001169
0.001380
0.001564
0.001429
0.001559
0.000966
0.001004
0.001181
0.001139
0.001680
0.001601
0.000945
0.001514
0.001003
0.001800
0.001230
0.001672
0.000930
0.000962
0.001007
0.001957
0.001364
0.001343
0.000683
0.001179
0.001001
0.001594
0.001076
0.000848
0.001715
0.000746
0.001511
0.000873
0.001208
0.001187
0.001093
0.001002
0.000923
0.001349
0.001215
0.001207
0.002000
0.000872
0.001229
0.001118
0.000928
0.001395
0.000901
0.001644
0.001498
0.001389
0.001137
0.001109
0.001484
0.000954
0.001227
0.001246
0.001227
0.001238
0.001284
0.000717
0.001313
0.001741
0.001463
0.001330
0.001676
0.001440
0.000811
0.001627
0.001123
0.001039
0.001669
0.000751
0.001575
0.001123
0.001624
0.001435
0.000917
0.001759
0.001391
0.001561
0.001555
0.001375
0.001667
0.000763
0.001400
0.001132
0.001260
0.001153
0.001113
0.001347
0.001091
0.001650
0.001176
0.000784
0.001536
0.001013
0.001322
0.001647
0.000875
0.001211
0.001359
0.001161
0.001986
0.001270
0.000916
0.001089
0.000669
0.000940
0.000968
0.001080
0.000787
0.001213
0.001249
0.001197
0.001582
0.001567
0.001596
0.001524
0.001082
0.001364
0.001237
0.001608
0.001779
0.001067
0.001636
0.001622
0.001495
0.001480
0.001657
0.001418
0.001372
0.001078
0.001265
0.000897
0.001128
0.001607
0.001153
0.001323
0.001609
0.001104
0.001264
0.001262
0.001224
0.001089
0.001642
0.001605
0.001073
0.001160
0.001224
0.001225
0.001102
0.000783
0.000899
0.000857
0.001210
0.001681
0.001299
0.001339
0.001460
0.000803
0.001006
0.000961
0.001392
0.001236
0.001272
0.000982
0.000851
0.000778
0.001268
0.000819
0.001107
0.001446
0.001184
0.001067
0.001017
0.001410
0.001281
0.001310
0.001403
0.001356
0.000774
0.001262
0.001240
0.001510
0.001548
0.001263
0.001405
0.001256
0.001620
0.001407
0.001468
0.000861
0.001424
0.001539
0.001281
0.001059
0.001107
0.001051
0.001598
0.001251
0.001409
0.001301
0.000980
0.000804
0.000726
0.001179
0.001444
0.001100
0.001131
0.001372
0.001132
0.001189
0.001152
0.001246
0.001161
0.001600
0.001305
0.001411
0.000989
0.001262
0.001149
0.002091
0.001571
0.001440
0.000687
0.001412
0.001390
0.001548
0.001397
0.001354
0.001130
0.001262
0.001656
0.001514
0.001150
0.001093
0.001270
0.001055
0.001498
0.001874
0.001848
0.001063
0.000986
0.001296
0.001046
0.001081
0.001001
0.001037
0.001191
0.001321
0.000569
0.001026
0.001418
0.001452
0.001079
0.001143
0.001188
0.001106
0.001174
0.000706
0.000729
0.001797
0.001469
0.000748
0.000938
0.001396
0.000874
0.001693
0.000519
0.001172
0.000964
0.001369
0.001086
0.001083
0.001172
0.001386
0.001325
0.001332
0.001331
0.000763
0.001083
0.001783
0.000967
0.001340
0.001344
0.001226
0.001130
0.001577
0.001135
0.001199
0.001329
0.001348
0.001295
0.000991
0.001019
0.000881
0.000866
0.001604
0.001009
0.001337
0.001275
0.000960
0.001165
0.001580
0.000840
0.000723
0.001707
0.001243
0.001015
0.001004
0.000986
0.001558
0.001274
0.000886
0.001172
0.000795
0.001515
0.000833
0.001127
0.000987
0.001220
0.001191
0.001726
0.001405
0.001390
0.000492
0.001286
0.001239
0.001275
0.001420
0.001603
0.001830
0.000687
0.001432
0.001251
0.001567
0.001412
0.001156
0.001221
0.001580
0.001367
0.001141
0.001301
0.001435
0.001310
0.001210
0.001007
0.001295
0.001172
0.001708
0.001050
0.001359
0.001093
0.001482
0.001574
0.000867
0.001022
0.001233
0.001434
0.001118
0.001725
0.001540
0.001525
0.001451
0.001187
0.001093
0.001195
0.001789
0.001277
0.001199
0.001435
0.001227
0.001267
0.001287
0.000909
0.001322
0.001164
0.001196
0.001183
0.001473
0.000763
0.000960
0.000830
0.001384
0.001682
0.001840
0.001658
0.001457
0.001612
0.001351
0.001113
0.000782
0.001390
0.001313
0.001097
0.001317
0.000822
0.001139
0.001481
0.000984
0.001246
0.001539
0.001557
0.001646
0.001150
0.001114
0.001429
0.001694
0.001210
0.001790
0.001424
0.001440
0.001658
0.001499
0.000727
0.000699
0.001621
0.001778
0.000910
0.001047
0.000991
0.001722
0.001512
0.001012
0.001189
0.001653
0.001365
0.001562
0.001399
0.000808
0.000912
0.001506
0.000798
0.001131
0.001059
0.001460
0.001328
0.001100
0.000991
0.001274
0.001441
0.001054
0.001705
0.000823
0.001509
0.001154
0.001371
0.001189
0.001512
0.000723
0.001313
0.001714
0.001156
0.001114
0.001532
0.001274
0.001199
0.001113
0.001152
0.001376
0.000897
0.001300
0.000806
0.001748
0.001623
0.001365
0.001207
0.000865
0.000962
0.001248
0.000988
0.001908
0.000630
0.001416
0.001526
0.001352
0.001384
0.001468
0.001218
0.002010
0.001126
0.001230
0.001173
0.001420
0.001433
0.001486
0.001503
0.001601
0.001368
0.001336
0.001358
0.001363
0.001567
0.000945
0.000802
0.000877
0.001101
0.001518
0.001178
0.001359
0.001706
0.001963
0.001178
0.001221
0.001076
0.000726
0.001200
0.001272
0.001713
0.001393
0.001138
0.001297
0.001235
0.001057
0.001227
0.001467
0.000844
0.001128
0.001349
0.001851
0.000876
0.000839
0.001298
0.001007
0.001066
0.001318
0.001264
0.001555
0.001156
0.001377
0.000902
0.001118
0.001575
0.000898
0.000905
0.001605
0.001277
0.001700
0.000757
0.001121
0.001705
0.001251
0.001410
0.001257
0.000910
0.001145
0.000947
0.001443
0.001467
0.001104
0.001390
0.001259
0.001329
0.001617
0.001119
0.001716
0.001010
0.001250
0.001016
0.001297
0.001749
0.001723
0.001764
0.001059
0.000859
0.000790
0.001034
0.001500
0.001364
0.001158
0.001530
0.001331
0.001370
0.001116
0.000888
0.001382
0.001653
0.001217
0.001323
0.001417
0.001787
0.001611
0.000896
0.001171
0.001840
0.001352
0.000909
0.001204
0.001234
0.001020
0.001130
0.001403
0.000872
0.001397
0.001592
0.001196
0.001243
0.000890
0.001748
0.001029
0.000792
0.001323
0.001599
0.000694
0.001441
0.001262
0.001323
0.001269
0.000985
0.002345
0.001332
0.001087
0.001108
0.001918
0.000796
0.000607
0.001296
0.001543
0.001437
0.000853
0.001302
0.001127
0.001211
0.001650
0.001171
0.001018
0.000962
0.001372
0.001308
0.001070
0.000857
0.001599
0.001443
0.001235
0.000972
0.001187
0.001719
0.001221
0.001175
0.001657
0.000889
0.001061
0.000963
0.001711
0.001361
0.000835
0.001767
0.001091
0.001308
0.001506
0.001276
0.000686
0.001269
0.001041
0.001011
0.001170
0.001311
0.001171
0.001133
0.001562
0.000964
0.001365
0.001774
0.001357
0.001265
0.002417
0.001202
0.001146
0.000851
0.000531
0.001819
0.000637
0.000856
0.001039
0.001287
0.000753
0.001767
0.001374
0.001206
0.000969
0.001529
0.000873
0.001028
0.000870
0.001711
0.001629
0.000975
0.000986
0.001377
0.001314
0.001173
0.001163
0.001959
0.001779
0.001004
0.001351
0.001220
0.001342
0.000676
0.000923
0.001278
0.000870
0.001364
0.000638
0.000983
0.001016
0.001738
0.001415
0.001307
0.001840
0.001054
0.001335
0.001007
0.000787
0.001370
0.001209
0.001367
0.001003
0.001369
0.001299
0.001446
0.001488
0.001217
0.001236
0.001324
0.001312
0.001050
0.001155
0.001115
0.001180
0.001083
0.001597
0.000921
0.000999
0.000887
0.001199
0.001239
0.001147
0.000622
0.001457
0.001256
0.001378
0.001158
0.000788
0.001828
0.001019
0.001571
0.001282
0.001302
0.000941
0.002059
0.000903
0.001060
0.000821
0.001270
0.000685
0.001048
0.002209
0.001204
0.000918
0.001310
0.000861
0.001429
0.000937
0.000916
0.000691
0.001244
0.001039
0.001514
0.001059
0.000973
0.001039
0.001848
0.001282
0.000897
0.001455
0.001203
0.001356
0.001209
0.001152
0.000859
0.001683
0.001062
0.000931
0.000930
0.001172
0.001015
0.000902
0.001198
0.001756
0.000685
0.001133
0.001712
0.001042
0.001707
0.001402
0.001112
0.001721
0.001335
0.001169
0.001380
0.001564
0.001429
0.001559
0.000966
0.001004
0.001181
0.001139
0.001680
0.001601
0.000945
0.001514
0.001003
0.001800
0.001230
0.001672
0.000930
0.000962
0.001007
0.001957
0.001364
0.001343
0.000683
0.001179
0.001001
0.001594
0.001076
0.000848
0.001715
0.000746
0.001511
0.000873
0.001208
0.001187
0.001093
0.001002
0.000923
0.001349
0.001215
0.001207
0.002000
0.000872
0.001229
0.001118
0.000928
0.001395
0.000901
0.001644
0.001498
0.001389
0.001137
0.001109
0.001484
0.000954
0.001227
0.001246
0.001227
0.001238
0.001284
0.000717
0.001313
0.001741
0.001463
0.001330
0.001676
0.001440
0.000811
0.001627
0.001123
0.001039
0.001669
0.000751
0.001575
0.001123
0.001624
0.001435
0.000917
0.001759
0.001391
0.001561
0.001555
0.001375
0.001667
0.000763
0.001400
0.001132
0.001260
0.001153
0.001113
0.001347
0.001091
0.001650
0.001176
0.000784
0.001536
0.001013
0.001322
0.001647
0.000875
0.001211
0.001359
0.001161
0.001986
0.001270
0.000916
0.001089
0.000669
0.000940
0.000968
0.001080
0.000787
0.001213
0.001249
0.001197
0.001582
0.001567
0.001596
0.001524
0.001082
0.001364
0.001237
0.001608
0.001779
0.001067
0.001636
0.001622
0.001495
0.001480
0.001657
0.001418
0.001372
0.001078
0.001265
0.000897
0.001128
0.001607
0.001153
0.001323
0.001609
0.001104
0.001264
0.001262
0.001224
0.001089
0.001642
0.001605
0.001073
0.001160
0.001224
0.001225
0.001102
0.000783
0.000899
0.000857
0.001210
0.001681
0.001299
0.001339
0.001460
0.000803
0.001006
0.000961
0.001392
0.001236
0.001272
0.000982
0.000851
0.000778
0.001268
0.000819
0.001107
0.001446
0.001184
0.001067
0.001017
0.001410
0.001281
0.001310
0.001403
0.001356
0.000774
0.001262
0.001240
0.001510
0.001548
0.001263
0.001405
0.001256
0.001620
0.001407
0.001468
0.000861
0.001424
0.001539
0.001281
0.001059
0.001107
0.001051
0.001598
0.001251
0.001409
0.001301
0.000980
0.000804
0.000726
0.001179
0.001444
0.001100
0.001131
0.001372
0.001132
0.001189
0.001152
0.001246
0.001161
0.001600
0.001305
0.001411
0.000989
0.001262
0.001149
0.002091
0.001571
0.001440
0.000687
0.001412
0.001390
0.001548
0.001397
0.001354
0.001130
0.001262
0.001656
0.001514
0.001150
0.001093
0.001270
0.001055
0.001498
0.001874
0.001848
0.001063
0.000986
0.001296
0.001046
0.001081
0.001001
0.001037
0.001191
0.001321
0.000569
0.001026
0.001418
0.001452
0.001079
0.001143
0.001188
0.001106
0.001174
0.000706
0.000729
0.001797
0.001469
0.000748
0.000938
0.001396
0.000874
0.001693
0.000519
0.001172
0.000964
0.001369
0.001086
0.001083
0.001172
0.001386
0.001325
0.001332
0.001331
0.000763
0.001083
0.001783
0.000967
0.001340
0.001344
0.001226
0.001130
0.001577
0.001135
0.001199
0.001329
0.001348
0.001295
0.000991
0.001019
0.000881
0.000866
0.001604
0.001009
0.001337
0.001275
0.000960
0.001165
0.001580
0.000840
0.000723
0.001707
0.001243
0.001015
0.001004
0.000986
0.001558
0.001274
0.000886
0.001172
0.000795
0.001515
0.000833
0.001127
0.000987
0.001220
0.001191
0.001726
0.001405
0.001390
0.000492
0.001286
0.001239
0.001275
0.001420
0.001603
0.001830
0.000687
0.001432
0.001251
0.001567
0.001412
0.001156
0.001221
0.001580
0.001367
0.001141
0.001301
0.001435
0.001310
0.001210
0.001007
0.001295
0.001172
0.001708
0.001050
0.001359
0.001093
0.001482
0.001574
0.000867
0.001022
0.001233
0.001434
0.001118
0.001725
0.001540
0.001525
0.001451
0.001187
0.001093
0.001195
0.001789
0.001277
0.001199
0.001435
0.001227
0.001267
0.001287
0.000909
0.001322
0.001164
0.001196
0.001183
0.001473
0.000763
0.000960
0.000830
0.001384
0.001682
0.001840
0.001658
0.001457
0.001612
0.001351
0.001113
0.000782
0.001390
0.001313
0.001097
0.001317
0.000822
0.001139
0.001481
0.000984
0.001246
0.001539
0.001557
0.001646
0.001150
0.001114
0.001429
0.001694
0.001210
0.001790
0.001424
0.001440
0.001658
0.001499
0.000727
0.000699
0.001621
0.001778
0.000910
0.001047
0.000991
0.001722
0.001512
0.001012
0.001189
0.001653
0.001365
0.001562
0.001399
0.000808
0.000912
0.001506
0.000798
0.001131
0.001059
0.001460
0.001328
0.001100
0.000991
0.001274
0.001441
0.001054
0.001705
0.000823
0.001509
0.001154
0.001371
0.001189
0.001512
0.000723
0.001313
0.001714
0.001156
0.001114
0.001532
0.001274
0.001199
0.001113
0.001152
0.001376
0.000897
0.001300
0.000806
0.001748
0.001623
0.001365
0.001207
0.000865
0.000962
0.001248
0.000988
0.001908
0.000630
0.001416
0.001526
0.001352
0.001384
0.001468
0.001218
0.002010
0.001126
0.001230
0.001173
0.001420
0.001433
0.001486
0.001503
0.001601
0.001368
0.001336
0.001358
0.001363
0.001567
0.000945
0.000802
0.000877
0.001101
0.001518
0.001178
0.001359
0.001706
0.001963
0.001178
0.001221
0.001076
0.000726
0.001200
0.001272
0.001713
0.001393
0.001138
0.001297
0.001235
0.001057
0.001227
0.001467
0.000844
0.001128
0.001349
0.001851
0.000876
0.000839
0.001298
0.001007
0.001066
0.001318
0.001264
0.001555
0.001156
0.001377
0.000902
0.001118
0.001575
0.000898
0.000905
0.001605
0.001277
0.001700
0.000757
0.001121
0.001705
0.001251
0.001410
0.001257
0.000910
0.001145
0.000947
0.001443
0.001467
0.001104
0.001390
0.001259
0.001329
0.001617
0.001119
0.001716
0.001010
0.001250
0.001016
0.001297
0.001749
0.001723
0.001764
0.001059
0.000859
0.000790
0.001034
0.001500
0.001364
0.001158
0.001530
0.001331
0.001370
0.001116
0.000888
0.001382
0.001653
0.001217
0.001323
0.001417
0.001787
0.001611
0.000896
0.001171
0.001840
0.001352
0.000909
0.001204
0.001234
0.001020
0.001130
0.001403
0.000872
0.001397
0.001592
0.001196
0.001243
0.000890
0.001748
0.001029
0.000792
0.001323
0.001599
0.000694
0.001441
0.001262
0.001323
0.001269
0.000985
0.002345
0.001332
0.001087
0.001108
0.001918
0.000796
0.000607
0.001296
0.001543
0.001437
0.000853
0.001302
0.001127
0.001211
0.001650
0.001171
0.001018
0.000962
0.001372
0.001308
0.001070
0.000857
0.001599
0.001443
0.001235
0.000972
0.001187
0.001719
0.001221
0.001175
0.001657
0.000889
0.001061
0.000963
0.001711
0.001361
0.000835
0.001767
0.001091
0.001308
0.001506
0.001276
0.000686
0.001269
0.001041
0.001011
0.001170
0.001311
0.001171
0.001133
0.001562
0.000964
0.001365
0.001774
0.001357
0.001265
0.002417
0.001202
0.001146
0.000851
0.000531
0.001819
0.000637
0.000856
0.001039
0.001287
0.000753
0.001767
0.001374
0.001206
0.000969
0.001529
0.000873
0.001028
0.000870
0.001711
0.001629
0.000975
0.000986
0.001377
0.001314
0.001173
0.001163
0.001959
0.001779
0.001004
0.001351
0.001220
0.001342
0.000676
0.000923
0.001278
0.000870
0.001364
0.000638
0.000983
0.001016
0.001738
0.001415
0.001307
0.001840
0.001054
0.001335
0.001007
0.000787
0.001370
0.001209
0.001367
0.001003
0.001369
0.001299
0.001446
0.001488
0.001217
0.001236
0.001324
0.001312
0.001050
0.001155
0.001115
0.001180
0.001083
0.001597
0.000921
0.000999
0.000887
0.001199
0.001239
0.001147
0.000622
0.001457
0.001256
0.001378
0.001158
0.000788
0.001828
0.001019
0.001571
0.001282
0.001302
0.000941
0.002059
0.000903
0.001060
0.000821
0.001270
0.000685
0.001048
0.002209
0.001204
0.000918
0.001310
0.000861
0.001429
0.000937
0.000916
0.000691
0.001244
0.001039
0.001514
0.001059
0.000973
0.001039
0.001848
0.001282
0.000897
0.001455
0.001203
0.001356
0.001209
0.001152
0.000859
0.001683
0.001062
0.000931
0.000930
0.001172
0.001015
0.000902
0.001198
0.001756
0.000685
0.001133
0.001712
0.001042
0.001707
0.001402
0.001112
0.001721
0.001335
0.001169
0.001380
0.001564
0.001429
0.001559
0.000966
0.001004
0.001181
0.001139
0.001680
0.001601
0.000945
0.001514
0.001003
0.001800
0.001230
0.001672
0.000930
0.000962
0.001007
0.001957
0.001364
0.001343
0.000683
0.001179
0.001001
0.001594
0.001076
0.000848
0.001715
0.000746
0.001511
0.000873
0.001208
0.001187
0.001093
0.001002
0.000923
0.001349
0.001215
0.001207
0.002000
0.000872
0.001229
0.001118
0.000928
0.001395
0.000901
0.001644
0.001498
0.001389
0.001137
0.001109
0.001484
0.000954
0.001227
0.001246
0.001227
0.001238
0.001284
0.000717
0.001313
0.001741
0.001463
0.001330
0.001676
0.001440
0.000811
0.001627
0.001123
0.001039
0.001669
0.000751
0.001575
0.001123
0.001624
0.001435
0.000917
0.001759
0.001391
0.001561
0.001555
0.001375
0.001667
0.000763
0.001400
0.001132
0.001260
0.001153
0.001113
0.001347
0.001091
0.001650
0.001176
0.000784
0.001536
0.001013
0.001322
0.001647
0.000875
0.001211
0.001359
0.001161
0.001986
0.001270
0.000916
0.001089
0.000669
0.000940
0.000968
0.001080
0.000787
0.001213
0.001249
0.001197
0.001582
0.001567
0.001596
0.001524
0.001082
0.001364
0.001237
0.001608
0.001779
0.001067
0.001636
0.001622
0.001495
0.001480
0.001657
0.001418
0.001372
0.001078
0.001265
0.000897
0.001128
0.001607
0.001153
0.001323
0.001609
0.001104
0.001264
0.001262
0.001224
0.001089
0.001642
0.001605
0.001073
0.001160
0.001224
0.001225
0.001102
0.000783
0.000899
0.000857
0.001210
0.001681
0.001299
0.001339
0.001460
0.000803
0.001006
0.000961
0.001392
0.001236
0.001272
0.000982
0.000851
0.000778
0.001268
0.000819
0.001107
0.001446
0.001184
0.001067
0.001017
0.001410
0.001281
0.001310
0.001403
0.001356
0.000774
0.001262
0.001240
0.001510
0.001548
0.001263
0.001405
0.001256
0.001620
0.001407
0.001468
0.000861
0.001424
0.001539
0.001281
0.001059
0.001107
0.001051
0.001598
0.001251
0.001409
0.001301
0.000980
0.000804
0.000726
0.001179
0.001444
0.001100
0.001131
0.001372
0.001132
0.001189
0.001152
0.001246
0.001161
0.001600
0.001305
0.001411
0.000989
0.001262
0.001149
0.002091
0.001571
0.001440
0.000687
0.001412
0.001390
0.001548
0.001397
0.001354
0.001130
0.001262
0.001656
0.001514
0.001150
0.001093
0.001270
0.001055
0.001498
0.001874
0.001848
0.001063
0.000986
0.001296
0.001046
0.001081
0.001001
0.001037
0.001191
0.001321
0.000569
0.001026
0.001418
0.001452
0.001079
0.001143
0.001188
0.001106
0.001174
0.000706
0.000729
0.001797
0.001469
0.000748
0.000938
0.001396
0.000874
0.001693
0.000519
0.001172
0.000964
0.001369
0.001086
0.001083
0.001172
0.001386
0.001325
0.001332
0.001331
0.000763
0.001083
0.001783
0.000967
0.001340
0.001344
0.001226
0.001130
0.001577
0.001135
0.001199
0.001329
0.001348
0.001295
0.000991
0.001019
0.000881
0.000866
0.001604
0.001009
0.001337
0.001275
0.000960
0.001165
0.001580
0.000840
0.000723
0.001707
0.001243
0.001015
0.001004
0.000986
0.001558
0.001274
0.000886
0.001172
0.000795
0.001515
0.000833
0.001127
0.000987
0.001220
0.001191
0.001726
0.001405
0.001390
0.000492
0.001286
0.001239
0.001275
0.001420
0.001603
0.001830
0.000687
0.001432
0.001251
0.001567
0.001412
0.001156
0.001221
0.001580
0.001367
0.001141
0.001301
0.001435
0.001310
0.001210
0.001007
0.001295
0.001172
0.001708
0.001050
0.001359
0.001093
0.001482
0.001574
0.000867
0.001022
0.001233
0.001434
0.001118
0.001725
0.001540
0.001525
0.001451
0.001187
0.001093
0.001195
0.001789
0.001277
0.001199
0.001435
0.001227
0.001267
0.001287
0.000909
0.001322
0.001164
0.001196
0.001183
0.001473
0.000763
0.000960
0.000830
0.001384
0.001682
0.001840
0.001658
0.001457
0.001612
0.001351
0.001113
0.000782
0.001390
0.001313
0.001097
0.001317
0.000822
0.001139
0.001481
0.000984
0.001246
0.001539
0.001557
0.001646
0.001150
0.001114
0.001429
0.001694
0.001210
0.001790
0.001424
0.001440
0.001658
0.001499
0.000727
0.000699
0.001621
0.001778
0.000910
0.001047
0.000991
0.001722
0.001512
0.001012
0.001189
0.001653
0.001365
0.001562
0.001399
0.000808
0.000912
0.001506
0.000798
0.001131
0.001059
0.001460
0.001328
0.001100
0.000991
0.001274
0.001441
0.001054
0.001705
0.000823
0.001509
0.001154
0.001371
0.001189
0.001512
0.000723
0.001313
0.001714
0.001156
0.001114
0.001532
0.001274
0.001199
0.001113
0.001152
0.001376
0.000897
0.001300
0.000806
0.001748
0.001623
0.001365
0.001207
0.000865
0.000962
0.001248
0.000988
0.001908
0.000630
0.001416
0.001526
0.001352
0.001384
0.001468
0.001218
0.002010
0.001126
0.001230
0.001173
0.001420
0.001433
0.001486
0.001503
0.001601
0.001368
0.001336
0.001358
0.001363
0.001567
0.000945
0.000802
0.000877
0.001101
0.001518
0.001178
0.001359
0.001706
0.001963
0.001178
0.001221
0.001076
0.000726
0.001200
0.001272
0.001713
0.001393
0.001138
0.001297
0.001235
0.001057
0.001227
0.001467
0.000844
0.001128
0.001349
0.001851
0.000876
0.000839
0.001298
0.001007
0.001066
0.001318
0.001264
0.001555
0.001156
0.001377
0.000902
0.001118
0.001575
0.000898
0.000905
0.001605
0.001277
0.001700
0.000757
0.001121
0.001705
0.001251
0.001410
0.001257
0.000910
0.001145
0.000947
0.001443
0.001467
0.001104
0.001390
0.001259
0.001329
0.001617
0.001119
0.001716
0.001010
0.001250
0.001016
0.001297
0.001749
0.001723
0.001764
0.001059
0.000859
0.000790
0.001034
0.001500
0.001364
0.001158
0.001530
0.001331
0.001370
0.001116
0.000888
0.001382
0.001653
0.001217
0.001323
0.001417
0.001787
0.001611
0.000896
0.001171
0.001840
0.001352
0.000909
0.001204
0.001234
0.001020
0.001130
0.001403
0.000872
0.001397
0.001592
0.001196
0.001243
0.000890
0.001748
0.001029
0.000792
0.001323
0.001599
0.000694
0.001441
0.001262
0.001323
0.001269
0.000985
0.002345
0.001332
0.001087
0.001108
0.001918
0.000796
0.000607
0.001296
0.001543
0.001437
0.000853
0.001302
0.001127
0.001211
0.001650
0.001171
0.001018
0.000962
0.001372
0.001308
0.001070
0.000857
0.001599
0.001443
0.001235
0.000972
0.001187
0.001719
0.001221
0.001175
0.001657
0.000889
0.001061
0.000963
0.001711
0.001361
0.000835
0.001767
0.001091
0.001308
0.001506
0.001276
0.000686
0.001269
0.001041
0.001011
0.001170
0.001311
0.001171
0.001133
0.001562
0.000964
0.001365
0.001774
0.001357
0.001265
0.002417
0.001202
0.001146
0.000851
0.000531
0.001819
0.000637
0.000856
0.001039
0.001287
0.000753
0.001767
0.001374
0.001206
0.000969
0.001529
0.000873
0.001028
0.000870
0.001711
0.001629
0.000975
0.000986
0.001377
0.001314
0.001173
0.001163
0.001959
0.001779
0.001004
0.001351
0.001220
0.001342
0.000676
0.000923
0.001278
0.000870
0.001364
0.000638
0.000983
0.001016
0.001738
0.001415
0.001307
0.001840
0.001054
0.001335
0.001007
0.000787
0.001370
0.001209
0.001367
0.001003
0.001369
0.001299
0.001446
0.001488
0.001217
0.001236
0.001324
0.001312
0.001050
0.001155
0.001115
0.001180
0.001083
0.001597
0.000921
0.000999
0.000887
0.001199
0.001239
0.001147
0.000622
0.001457
0.001256
0.001378
0.001158
0.000788
0.001828
0.001019
0.001571
0.001282
0.001302
0.000941
0.002059
0.000903
0.001060
0.000821
0.001270
0.000685
0.001048
0.002209
0.001204
0.000918
0.001310
0.000861
0.001429
0.000937
0.000916
0.000691
0.001244
0.001039
0.001514
0.001059
0.000973
0.001039
0.001848
0.001282
0.000897
0.001455
0.001203
0.001356
0.001209
0.001152
0.000859
0.001683
0.001062
0.000931
0.000930
0.001172
0.001015
0.000902
0.001198
0.001756
0.000685
0.001133
0.001712
0.001042
0.001707
0.001402
0.001112
0.001721
0.001335
0.001169
0.001380
0.001564
0.001429
0.001559
0.000966
0.001004
0.001181
0.001139
0.001680
0.001601
0.000945
0.001514
0.001003
0.001800
0.001230
0.001672
0.000930
0.000962
0.001007
0.001957
0.001364
0.001343
0.000683
0.001179
0.001001
0.001594
0.001076
0.000848
0.001715
0.000746
0.001511
0.000873
0.001208
0.001187
0.001093
0.001002
0.000923
0.001349
0.001215
0.001207
0.002000
0.000872
0.001229
0.001118
0.000928
0.001395
0.000901
0.001644
0.001498
0.001389
0.001137
0.001109
0.001484
0.000954
0.001227
0.001246
0.001227
0.001238
0.001284
0.000717
0.001313
0.001741
0.001463
0.001330
0.001676
0.001440
0.000811
0.001627
0.001123
0.001039
0.001669
0.000751
0.001575
0.001123
0.001624
0.001435
0.000917
0.001759
0.001391
0.001561
0.001555
0.001375
0.001667
0.000763
0.001400
0.001132
0.001260
0.001153
0.001113
0.001347
0.001091
0.001650
0.001176
0.000784
0.001536
0.001013
0.001322
0.001647
0.000875
0.001211
0.001359
0.001161
0.001986
0.001270
0.000916
0.001089
0.000669
0.000940
0.000968
0.001080
0.000787
0.001213
0.001249
0.001197
0.001582
0.001567
0.001596
0.001524
0.001082
0.001364
0.001237
0.001608
0.001779
0.001067
0.001636
0.001622
0.001495
0.001480
0.001657
0.001418
0.001372
0.001078
0.001265
0.000897
0.001128
0.001607
0.001153
0.001323
0.001609
0.001104
0.001264
0.001262
0.001224
0.001089
0.001642
0.001605
0.001073
0.001160
0.001224
0.001225
0.001102
0.000783
0.000899
0.000857
0.001210
0.001681
0.001299
0.001339
0.001460
0.000803
0.001006
0.000961
0.001392
0.001236
0.001272
0.000982
0.000851
0.000778
0.001268
0.000819
0.001107
0.001446
0.001184
0.001067
0.001017
0.001410
0.001281
0.001310
0.001403
0.001356
0.000774
0.001262
0.001240
0.001510
0.001548
0.001263
0.001405
0.001256
0.001620
0.001407
0.001468
0.000861
0.001424
0.001539
0.001281
0.001059
0.001107
0.001051
0.001598
0.001251
0.001409
0.001301
0.000980
0.000804
0.000726
0.001179
0.001444
0.001100
0.001131
0.001372
0.001132
0.001189
0.001152
0.001246
0.001161
0.001600
0.001305
0.001411
0.000989
0.001262
0.001149
0.002091
0.001571
0.001440
0.000687
0.001412
0.001390
0.001548
0.001397
0.001354
0.001130
0.001262
0.001656
0.001514
0.001150
0.001093
0.001270
0.001055
0.001498
0.001874
0.001848
0.001063
0.000986
0.001296
0.001046
0.001081
0.001001
0.001037
0.001191
0.001321
0.000569
0.001026
0.001418
0.001452
0.001079
0.001143
0.001188
0.001106
0.001174
0.000706
0.000729
0.001797
0.001469
0.000748
0.000938
0.001396
0.000874
0.001693
0.000519
0.001172
0.000964
0.001369
0.001086
0.001083
0.001172
0.001386
0.001325
0.001332
0.001331
0.000763
0.001083
0.001783
0.000967
0.001340
0.001344
0.001226
0.001130
0.001577
0.001135
0.001199
0.001329
0.001348
0.001295
0.000991
0.001019
0.000881
0.000866
0.001604
0.001009
0.001337
0.001275
0.000960
0.001165
0.001580
0.000840
0.000723
0.001707
0.001243
0.001015
0.001004
0.000986
0.001558
0.001274
0.000886
0.001172
0.000795
0.001515
0.000833
0.001127
0.000987
0.001220
0.001191
0.001726
0.001405
0.001390
0.000492
0.001286
0.001239
0.001275
0.001420
0.001603
0.001830
0.000687
0.001432
0.001251
0.001567
0.001412
0.001156
0.001221
0.001580
0.001367
0.001141
0.001301
0.001435
0.001310
0.001210
0.001007
0.001295
0.001172
0.001708
0.001050
0.001359
0.001093
0.001482
0.001574
0.000867
0.001022
0.001233
0.001434
0.001118
0.001725
0.001540
0.001525
0.001451
0.001187
0.001093
0.001195
0.001789
0.001277
0.001199
0.001435
0.001227
0.001267
0.001287
0.000909
0.001322
0.001164
0.001196
0.001183
0.001473
0.000763
0.000960
0.000830
0.001384
0.001682
0.001840
0.001658
0.001457
0.001612
0.001351
0.001113
0.000782
0.001390
0.001313
0.001097
0.001317
0.000822
0.001139
0.001481
0.000984
0.001246
0.001539
0.001557
0.001646
0.001150
0.001114
0.001429
0.001694
0.001210
0.001790
0.001424
0.001440
0.001658
0.001499
0.000727
0.000699
0.001621
0.001778
0.000910
0.001047
0.000991
0.001722
0.001512
0.001012
0.001189
0.001653
0.001365
0.001562
0.001399
0.000808
0.000912
0.001506
0.000798
0.001131
0.001059
0.001460
0.001328
0.001100
0.000991
0.001274
0.001441
0.001054
0.001705
0.000823
0.001509
0.001154
0.001371
0.001189
0.001512
0.000723
0.001313
0.001714
0.001156
0.001114
0.001532
0.001274
0.001199
0.001113
0.001152
0.001376
0.000897
0.001300
0.000806
0.001748
0.001623
0.001365
0.001207
0.000865
0.000962
0.001248
0.000988
0.001908
0.000630
0.001416
0.001526
0.001352
0.001384
0.001468
0.001218
0.002010
0.001126
0.001230
0.001173
0.001420
0.001433
0.001486
0.001503
0.001601
0.001368
0.001336
0.001358
0.001363
0.001567
0.000945
0.000802
0.000877
0.001101
0.001518
0.001178
0.001359
0.001706
0.001963
0.001178
0.001221
0.001076
0.000726
0.001200
0.001272
0.001713
0.001393
0.001138
0.001297
0.001235
0.001057
0.001227
0.001467
0.000844
0.001128
0.001349
0.001851
0.000876
0.000839
0.001298
0.001007
0.001066
0.001318
0.001264
0.001555
0.001156
0.001377
0.000902
0.001118
0.001575
0.000898
0.000905
0.001605
0.001277
0.001700
0.000757
0.001121
0.001705
0.001251
0.001410
0.001257
0.000910
0.001145
0.000947
0.001443
0.001467
0.001104
0.001390
0.001259
0.001329
0.001617
0.001119
0.001716
0.001010
0.001250
0.001016
0.001297
0.001749
0.001723
0.001764
0.001059
0.000859
0.000790
0.001034
0.001500
0.001364
0.001158
0.001530
0.001331
0.001370
0.001116
0.000888
0.001382
0.001653
0.001217
0.001323
0.001417
0.001787
0.001611
0.000896
0.001171
0.001840
0.001352
0.000909
0.001204
0.001234
0.001020
0.001130
0.001403
0.000872
0.001397
0.001592
0.001196
0.001243
0.000890
0.001748
0.001029
0.000792
0.001323
0.001599
0.000694
0.001441
0.001262
0.001323
0.001269
0.000985
0.002345
0.001332
0.001087
0.001108
0.001918
0.000796
0.000607
0.001296
0.001543
0.001437
0.000853
0.001302
0.001127
0.001211
0.001650
0.001171
0.001018
0.000962
0.001372
0.001308
0.001070
0.000857
0.001599
0.001443
0.001235
0.000972
0.001187
0.001719
0.001221
0.001175
0.001657
0.000889
0.001061
0.000963
0.001711
0.001361
0.000835
0.001767
0.001091
0.001308
0.001506
0.001276
0.000686
0.001269
0.001041
0.001011
0.001170
0.001311
0.001171
0.001133
0.001562
0.000964
0.001365
0.001774
0.001357
0.001265
0.002417
0.001202
0.001146
0.000851
0.000531
0.001819
0.000637
0.000856
0.001039
0.001287
0.000753
0.001767
0.001374
0.001206
0.000969
0.001529
0.000873
0.001028
0.000870
0.001711
0.001629
0.000975
0.000986
0.001377
0.001314
0.001173
0.001163
0.001959
0.001779
0.001004
0.001351
0.001220
0.001342
0.000676
0.000923
0.001278
0.000870
0.001364
0.000638
0.000983
0.001016
0.001738
0.001415
0.001307
0.001840
0.001054
0.001335
0.001007
0.000787
0.001370
0.001209
0.001367
0.001003
0.001369
0.001299
0.001446
0.001488
0.001217
0.001236
0.001324
0.001312
0.001050
0.001155
0.001115
0.001180
0.001083
0.001597
0.000921
0.000999
0.000887
0.001199
0.001239
0.001147
0.000622
0.001457
0.001256
0.001378
0.001158
0.000788
0.001828
0.001019
0.001571
0.001282
