0.001130
0.001090
0.002029
0.001470
0.001445
0.002020
0.001280
0.002069
0.001048
0.001551
0.002616
0.001454
0.000593
0.001112
0.000599
0.001033
0.000863
0.000851
0.002062
0.001434
0.002278
0.001746
0.001284
0.002329
0.001024
0.001637
0.000930
0.001267
0.000587
0.001277
0.001408
0.001101
0.001353
0.002065
0.001108
0.000544
0.002221
0.001062
0.000844
0.000630
0.001446
0.000371
0.001560
0.001016
0.000767
0.001083
0.000779
0.001316
0.001172
0.001034
0.000964
0.000925
0.001192
0.001022
0.001716
0.001418
0.000550
0.001979
0.000820
0.000479
0.001572
0.000949
0.001100
0.000959
0.002044
0.001287
0.000736
0.001249
0.001152
0.001560
0.000811
0.001318
0.001744
0.001352
0.000738
0.000900
0.001649
0.000837
0.000679
0.001145
0.000969
0.001540
0.000571
0.000859
0.000932
0.001335
0.000732
0.000844
0.001141
0.000831
0.001094
0.001515
0.000812
0.001220
0.001552
0.000685
0.001652
0.001127
0.000188
0.001208
0.001159
0.001313
0.000840
0.001282
0.001039
0.001532
0.000745
0.000831
0.001666
0.001531
0.001823
0.001168
0.001538
0.002032
0.000362
0.000590
0.001474
0.002040
0.001410
0.001622
0.000920
0.001978
0.001851
0.001501
0.000906
0.001484
0.001291
0.000868
0.001786
0.001903
0.002013
0.001383
0.001899
0.001714
0.001418
0.001204
0.001538
0.001482
0.001561
0.001148
0.002232
0.001086
0.001480
0.000529
0.000716
0.002710
0.001477
0.000944
0.001258
0.000784
0.002195
0.000496
0.001068
0.000847
0.001119
0.001886
0.000762
0.001766
0.001009
0.001145
0.000907
0.001228
0.001073
0.001514
0.001334
0.000727
0.001290
0.000951
0.002437
0.000580
0.001928
0.001312
0.001236
0.000701
0.001686
0.001416
0.000885
0.000781
0.000719
0.000568
0.000521
0.001390
0.001655
0.001612
0.001523
0.000877
0.001106
0.001670
0.002247
0.000938
0.001781
0.001232
0.001248
0.001067
0.001417
0.000825
0.001153
0.001628
0.001238
0.001201
0.002514
0.001379
0.001048
0.000987
0.001531
0.001884
0.001007
0.000748
0.001260
0.001665
0.000532
0.001369
0.002070
0.001876
0.001067
0.000861
0.001364
0.001564
0.001739
0.000539
0.001436
0.001093
0.001044
0.001629
0.002366
0.001071
0.001275
0.000665
0.002367
0.001173
0.000843
0.001467
0.001777
0.001402
0.001698
0.001528
0.000933
0.001251
0.001536
0.001384
0.000481
0.001820
0.001352
0.002497
0.001982
0.001176
0.001201
0.000678
0.001979
0.000749
0.000528
0.001312
0.001067
0.000843
0.000927
0.001898
0.001555
0.001152
0.000659
0.000925
0.000996
0.000835
0.000642
0.001273
0.001018
0.002336
0.001636
0.000869
0.000798
0.000489
0.001343
0.000909
0.001172
0.001321
0.000639
0.000841
0.001182
0.000851
0.000755
0.001303
0.000473
0.000707
0.001069
0.001559
0.001612
0.001019
0.001787
0.001580
0.001020
0.001442
0.001979
0.001749
0.001048
0.001344
0.001048
0.002023
0.001336
0.001288
0.001419
0.001173
0.001188
0.001401
0.000942
0.001396
0.002081
0.001040
0.001694
0.000833
0.001143
0.001488
0.000679
0.001220
0.001402
0.001799
0.000897
0.002407
0.001424
0.001425
0.001017
0.002845
0.001972
0.001242
0.001170
0.000468
0.001273
0.000874
0.000886
0.001457
0.001377
0.002189
0.001163
0.001053
0.001230
0.000379
0.001891
0.000494
0.001043
0.000514
0.000988
0.000909
0.001354
0.001153
0.001688
0.000656
0.001755
0.000963
0.001041
0.000738
0.000958
0.000891
0.001328
0.001243
0.002912
0.001802
0.001927
0.000587
0.001500
0.001020
0.001047
0.001437
0.002201
0.001546
0.001581
0.001275
0.001072
0.000743
0.000597
0.002030
0.002388
0.000804
0.001345
0.001768
0.001083
0.000685
0.000765
0.001394
0.000711
0.000618
0.000990
0.001198
0.001168
0.001539
0.000631
0.001007
0.001189
0.001230
0.001704
0.001765
0.000965
0.001394
0.000394
0.001255
0.000467
0.001227
0.001350
0.000259
0.000435
0.000903
0.001171
0.001205
0.001476
0.001146
0.001702
0.000869
0.001296
0.001131
0.000579
0.001945
0.001151
0.001072
0.001856
0.001824
0.000942
0.001260
0.001185
0.001396
0.001390
0.000822
0.001889
0.001134
0.001288
0.001063
0.000998
0.001393
0.000676
0.001584
0.001727
0.001102
0.001200
0.000646
0.001912
0.001201
0.001583
0.001175
0.000725
0.002123
0.001529
0.001336
0.002175
0.001768
0.000685
0.000717
0.002186
0.001714
0.001241
0.000577
0.001236
0.002190
0.000963
0.001270
0.002117
0.001398
0.000681
0.001353
0.000957
0.001162
0.000884
0.001131
0.000878
0.000735
0.000188
0.001236
0.001651
0.002637
0.000784
0.000892
0.000931
0.001101
0.001245
0.000716
0.001466
0.001495
0.001060
0.000474
0.000849
0.001197
0.001502
0.001275
0.000964
0.000682
0.001102
0.000944
0.001638
0.001279
0.001455
0.001286
0.000682
0.001347
0.001668
0.001085
0.001138
0.000815
0.001459
0.001068
0.001159
0.000972
0.001434
0.000854
0.001533
0.000385
0.001347
0.000671
0.000803
0.001048
0.002026
0.001611
0.001208
0.001296
0.001859
0.001101
0.001411
0.000836
0.001235
0.000951
0.001337
0.000925
0.001211
0.000417
0.001052
0.001593
0.000841
0.001020
0.000880
0.001409
0.002277
0.001445
0.000424
0.001192
0.001322
0.000587
0.000560
0.001624
0.001462
0.001595
0.001592
0.001582
0.000870
0.001963
0.001392
0.001093
0.001569
0.001143
0.001507
0.000827
0.001639
0.001337
0.000521
0.000714
0.001506
0.001312
0.001257
0.001057
0.001421
0.001279
0.001326
0.001347
0.000888
0.001390
0.001117
0.001017
0.001166
0.001109
0.001258
0.001490
0.001113
0.001632
0.001804
0.000936
0.001860
0.000813
0.000572
0.000524
0.001335
0.001198
0.001149
0.001027
0.001491
0.000188
0.001378
0.001090
0.001452
0.001064
0.001573
0.000897
0.001159
0.000488
0.001062
0.000908
0.000793
0.000926
0.001544
0.001611
0.001937
0.002005
0.001986
0.000607
0.001878
0.001055
0.000795
0.001348
0.002298
0.002211
0.001854
0.000759
0.001937
0.001430
0.001707
0.001170
0.002033
0.001231
0.001197
0.000935
0.000934
0.001468
0.001906
0.000878
0.000907
0.001741
0.001113
0.001048
0.001082
0.001266
0.002232
0.000701
0.001053
0.001049
0.001228
0.001330
0.001310
0.000734
0.000774
0.001067
0.000714
0.000809
0.001202
0.001171
0.001400
0.001214
0.001351
0.001409
0.001211
0.001787
0.000903
0.000824
0.001265
0.000897
0.001333
0.001911
0.001528
0.001388
0.000718
0.001147
0.001278
0.001455
0.001644
0.000990
0.000680
0.002007
0.001112
0.001752
0.001197
0.001716
0.000800
0.001545
0.000633
0.000918
0.001715
0.000692
0.001101
0.002266
0.001588
0.001110
0.001056
0.001052
0.001758
0.000502
0.001089
0.002021
0.001191
0.001364
0.001962
0.001294
0.000475
0.000708
0.001158
0.001356
0.000432
0.001947
0.001092
0.000832
0.000901
0.000998
0.000851
0.000722
0.002106
0.001582
0.001373
0.000944
0.000931
0.001221
0.001570
0.001593
0.000716
0.001223
0.001752
0.001554
0.000690
0.001045
0.001222
0.001368
0.000968
0.001479
0.001002
0.001761
0.000465
0.000746
0.000933
0.000779
0.000633
0.001414
0.000750
0.000951
0.001338
0.001599
0.001484
0.001230
0.001426
0.000945
0.001492
0.000915
0.001778
0.000758
0.001798
0.001278
0.001188
0.000431
0.001019
0.001368
0.002221
0.001313
0.001262
0.001005
0.001300
0.001241
0.000976
0.001396
0.001570
0.001904
0.001479
0.001323
0.001365
0.000526
0.001098
0.001314
0.001230
0.001938
0.001544
0.001229
0.000868
0.001873
0.001071
0.000808
0.000718
0.000745
0.000395
0.001728
0.000926
0.000964
0.001752
0.001737
0.000787
0.001570
0.001507
0.001042
0.001499
0.002202
0.001346
0.000796
0.001364
0.000435
0.001386
0.001130
0.001228
0.000759
0.001639
0.001346
0.001442
0.001948
0.002375
0.002416
0.002229
0.000647
0.001516
0.001611
0.001111
0.000900
0.001629
0.002293
0.001145
0.000738
0.001130
0.001090
0.002029
0.001470
0.001445
0.002020
0.001280
0.002069
0.001048
0.001551
0.002616
0.001454
0.000593
0.001112
0.000599
0.001033
0.000863
0.000851
0.002062
0.001434
0.002278
0.001746
0.001284
0.002329
0.001024
0.001637
0.000930
0.001267
0.000587
0.001277
0.001408
0.001101
0.001353
0.002065
0.001108
0.000544
0.002221
0.001062
0.000844
0.000630
0.001446
0.000371
0.001560
0.001016
0.000767
0.001083
0.000779
0.001316
0.001172
0.001034
0.000964
0.000925
0.001192
0.001022
0.001716
0.001418
0.000550
0.001979
0.000820
0.000479
0.001572
0.000949
0.001100
0.000959
0.002044
0.001287
0.000736
0.001249
0.001152
0.001560
0.000811
0.001318
0.001744
0.001352
0.000738
0.000900
0.001649
0.000837
0.000679
0.001145
0.000969
0.001540
0.000571
0.000859
0.000932
0.001335
0.000732
0.000844
0.001141
0.000831
0.001094
0.001515
0.000812
0.001220
0.001552
0.000685
0.001652
0.001127
0.000188
0.001208
0.001159
0.001313
0.000840
0.001282
0.001039
0.001532
0.000745
0.000831
0.001666
0.001531
0.001823
0.001168
0.001538
0.002032
0.000362
0.000590
0.001474
0.002040
0.001410
0.001622
0.000920
0.001978
0.001851
0.001501
0.000906
0.001484
0.001291
0.000868
0.001786
0.001903
0.002013
0.001383
0.001899
0.001714
0.001418
0.001204
0.001538
0.001482
0.001561
0.001148
0.002232
0.001086
0.001480
0.000529
0.000716
0.002710
0.001477
0.000944
0.001258
0.000784
0.002195
0.000496
0.001068
0.000847
0.001119
0.001886
0.000762
0.001766
0.001009
0.001145
0.000907
0.001228
0.001073
0.001514
0.001334
0.000727
0.001290
0.000951
0.002437
0.000580
0.001928
0.001312
0.001236
0.000701
0.001686
0.001416
0.000885
0.000781
0.000719
0.000568
0.000521
0.001390
0.001655
0.001612
0.001523
0.000877
0.001106
0.001670
0.002247
0.000938
0.001781
0.001232
0.001248
0.001067
0.001417
0.000825
0.001153
0.001628
0.001238
0.001201
0.002514
0.001379
0.001048
0.000987
0.001531
0.001884
0.001007
0.000748
0.001260
0.001665
0.000532
0.001369
0.002070
0.001876
0.001067
0.000861
0.001364
0.001564
0.001739
0.000539
0.001436
0.001093
0.001044
0.001629
0.002366
0.001071
0.001275
0.000665
0.002367
0.001173
0.000843
0.001467
0.001777
0.001402
0.001698
0.001528
0.000933
0.001251
0.001536
0.001384
0.000481
0.001820
0.001352
0.002497
0.001982
0.001176
0.001201
0.000678
0.001979
0.000749
0.000528
0.001312
0.001067
0.000843
0.000927
0.001898
0.001555
0.001152
0.000659
0.000925
0.000996
0.000835
0.000642
0.001273
0.001018
0.002336
0.001636
0.000869
0.000798
0.000489
0.001343
0.000909
0.001172
0.001321
0.000639
0.000841
0.001182
0.000851
0.000755
0.001303
0.000473
0.000707
0.001069
0.001559
0.001612
0.001019
0.001787
0.001580
0.001020
0.001442
0.001979
0.001749
0.001048
0.001344
0.001048
0.002023
0.001336
0.001288
0.001419
0.001173
0.001188
0.001401
0.000942
0.001396
0.002081
0.001040
0.001694
0.000833
0.001143
0.001488
0.000679
0.001220
0.001402
0.001799
0.000897
0.002407
0.001424
0.001425
0.001017
0.002845
0.001972
0.001242
0.001170
0.000468
0.001273
0.000874
0.000886
0.001457
0.001377
0.002189
0.001163
0.001053
0.001230
0.000379
0.001891
0.000494
0.001043
0.000514
0.000988
0.000909
0.001354
0.001153
0.001688
0.000656
0.001755
0.000963
0.001041
0.000738
0.000958
0.000891
0.001328
0.001243
0.002912
0.001802
0.001927
0.000587
0.001500
0.001020
0.001047
0.001437
0.002201
0.001546
0.001581
0.001275
0.001072
0.000743
0.000597
0.002030
0.002388
0.000804
0.001345
0.001768
0.001083
0.000685
0.000765
0.001394
0.000711
0.000618
0.000990
0.001198
0.001168
0.001539
0.000631
0.001007
0.001189
0.001230
0.001704
0.001765
0.000965
0.001394
0.000394
0.001255
0.000467
0.001227
0.001350
0.000259
0.000435
0.000903
0.001171
0.001205
0.001476
0.001146
0.001702
0.000869
0.001296
0.001131
0.000579
0.001945
0.001151
0.001072
0.001856
0.001824
0.000942
0.001260
0.001185
0.001396
0.001390
0.000822
0.001889
0.001134
0.001288
0.001063
0.000998
0.001393
0.000676
0.001584
0.001727
0.001102
0.001200
0.000646
0.001912
0.001201
0.001583
0.001175
0.000725
0.002123
0.001529
0.001336
0.002175
0.001768
0.000685
0.000717
0.002186
0.001714
0.001241
0.000577
0.001236
0.002190
0.000963
0.001270
0.002117
0.001398
0.000681
0.001353
0.000957
0.001162
0.000884
0.001131
0.000878
0.000735
0.000188
0.001236
0.001651
0.002637
0.000784
0.000892
0.000931
0.001101
0.001245
0.000716
0.001466
0.001495
0.001060
0.000474
0.000849
0.001197
0.001502
0.001275
0.000964
0.000682
0.001102
0.000944
0.001638
0.001279
0.001455
0.001286
0.000682
0.001347
0.001668
0.001085
0.001138
0.000815
0.001459
0.001068
0.001159
0.000972
0.001434
0.000854
0.001533
0.000385
0.001347
0.000671
0.000803
0.001048
0.002026
0.001611
0.001208
0.001296
0.001859
0.001101
0.001411
0.000836
0.001235
0.000951
0.001337
0.000925
0.001211
0.000417
0.001052
0.001593
0.000841
0.001020
0.000880
0.001409
0.002277
0.001445
0.000424
0.001192
0.001322
0.000587
0.000560
0.001624
0.001462
0.001595
0.001592
0.001582
0.000870
0.001963
0.001392
0.001093
0.001569
0.001143
0.001507
0.000827
0.001639
0.001337
0.000521
0.000714
0.001506
0.001312
0.001257
0.001057
0.001421
0.001279
0.001326
0.001347
0.000888
0.001390
0.001117
0.001017
0.001166
0.001109
0.001258
0.001490
0.001113
0.001632
0.001804
0.000936
0.001860
0.000813
0.000572
0.000524
0.001335
0.001198
0.001149
0.001027
0.001491
0.000188
0.001378
0.001090
0.001452
0.001064
0.001573
0.000897
0.001159
0.000488
0.001062
0.000908
0.000793
0.000926
0.001544
0.001611
0.001937
0.002005
0.001986
0.000607
0.001878
0.001055
0.000795
0.001348
0.002298
0.002211
0.001854
0.000759
0.001937
0.001430
0.001707
0.001170
0.002033
0.001231
0.001197
0.000935
0.000934
0.001468
0.001906
0.000878
0.000907
0.001741
0.001113
0.001048
0.001082
0.001266
0.002232
0.000701
0.001053
0.001049
0.001228
0.001330
0.001310
0.000734
0.000774
0.001067
0.000714
0.000809
0.001202
0.001171
0.001400
0.001214
0.001351
0.001409
0.001211
0.001787
0.000903
0.000824
0.001265
0.000897
0.001333
0.001911
0.001528
0.001388
0.000718
0.001147
0.001278
0.001455
0.001644
0.000990
0.000680
0.002007
0.001112
0.001752
0.001197
0.001716
0.000800
0.001545
0.000633
0.000918
0.001715
0.000692
0.001101
0.002266
0.001588
0.001110
0.001056
0.001052
0.001758
0.000502
0.001089
0.002021
0.001191
0.001364
0.001962
0.001294
0.000475
0.000708
0.001158
0.001356
0.000432
0.001947
0.001092
0.000832
0.000901
0.000998
0.000851
0.000722
0.002106
0.001582
0.001373
0.000944
0.000931
0.001221
0.001570
0.001593
0.000716
0.001223
0.001752
0.001554
0.000690
0.001045
0.001222
0.001368
0.000968
0.001479
0.001002
0.001761
0.000465
0.000746
0.000933
0.000779
0.000633
0.001414
0.000750
0.000951
0.001338
0.001599
0.001484
0.001230
0.001426
0.000945
0.001492
0.000915
0.001778
0.000758
0.001798
0.001278
0.001188
0.000431
0.001019
0.001368
0.002221
0.001313
0.001262
0.001005
0.001300
0.001241
0.000976
0.001396
0.001570
0.001904
0.001479
0.001323
0.001365
0.000526
0.001098
0.001314
0.001230
0.001938
0.001544
0.001229
0.000868
0.001873
0.001071
0.000808
0.000718
0.000745
0.000395
0.001728
0.000926
0.000964
0.001752
0.001737
0.000787
0.001570
0.001507
0.001042
0.001499
0.002202
0.001346
0.000796
0.001364
0.000435
0.001386
0.001130
0.001228
0.000759
0.001639
0.001346
0.001442
0.001948
0.002375
0.002416
0.002229
0.000647
0.001516
0.001611
0.001111
0.000900
0.001629
0.002293
0.001145
0.000738
0.001130
0.001090
0.002029
0.001470
0.001445
0.002020
0.001280
0.002069
0.001048
0.001551
0.002616
0.001454
0.000593
0.001112
0.000599
0.001033
0.000863
0.000851
0.002062
0.001434
0.002278
0.001746
0.001284
0.002329
0.001024
0.001637
0.000930
0.001267
0.000587
0.001277
0.001408
0.001101
0.001353
0.002065
0.001108
0.000544
0.002221
0.001062
0.000844
0.000630
0.001446
0.000371
0.001560
0.001016
0.000767
0.001083
0.000779
0.001316
0.001172
0.001034
0.000964
0.000925
0.001192
0.001022
0.001716
0.001418
0.000550
0.001979
0.000820
0.000479
0.001572
0.000949
0.001100
0.000959
0.002044
0.001287
0.000736
0.001249
0.001152
0.001560
0.000811
0.001318
0.001744
0.001352
0.000738
0.000900
0.001649
0.000837
0.000679
0.001145
0.000969
0.001540
0.000571
0.000859
0.000932
0.001335
0.000732
0.000844
0.001141
0.000831
0.001094
0.001515
0.000812
0.001220
0.001552
0.000685
0.001652
0.001127
0.000188
0.001208
0.001159
0.001313
0.000840
0.001282
0.001039
0.001532
0.000745
0.000831
0.001666
0.001531
0.001823
0.001168
0.001538
0.002032
0.000362
0.000590
0.001474
0.002040
0.001410
0.001622
0.000920
0.001978
0.001851
0.001501
0.000906
0.001484
0.001291
0.000868
0.001786
0.001903
0.002013
0.001383
0.001899
0.001714
0.001418
0.001204
0.001538
0.001482
0.001561
0.001148
0.002232
0.001086
0.001480
0.000529
0.000716
0.002710
0.001477
0.000944
0.001258
0.000784
0.002195
0.000496
0.001068
0.000847
0.001119
0.001886
0.000762
0.001766
0.001009
0.001145
0.000907
0.001228
0.001073
0.001514
0.001334
0.000727
0.001290
0.000951
0.002437
0.000580
0.001928
0.001312
0.001236
0.000701
0.001686
0.001416
0.000885
0.000781
0.000719
0.000568
0.000521
0.001390
0.001655
0.001612
0.001523
0.000877
0.001106
0.001670
0.002247
0.000938
0.001781
0.001232
0.001248
0.001067
0.001417
0.000825
0.001153
0.001628
0.001238
0.001201
0.002514
0.001379
0.001048
0.000987
0.001531
0.001884
0.001007
0.000748
0.001260
0.001665
0.000532
0.001369
0.002070
0.001876
0.001067
0.000861
0.001364
0.001564
0.001739
0.000539
0.001436
0.001093
0.001044
0.001629
0.002366
0.001071
0.001275
0.000665
0.002367
0.001173
0.000843
0.001467
0.001777
0.001402
0.001698
0.001528
0.000933
0.001251
0.001536
0.001384
0.000481
0.001820
0.001352
0.002497
0.001982
0.001176
0.001201
0.000678
0.001979
0.000749
0.000528
0.001312
0.001067
0.000843
0.000927
0.001898
0.001555
0.001152
0.000659
0.000925
0.000996
0.000835
0.000642
0.001273
0.001018
0.002336
0.001636
0.000869
0.000798
0.000489
0.001343
0.000909
0.001172
0.001321
0.000639
0.000841
0.001182
0.000851
0.000755
0.001303
0.000473
0.000707
0.001069
0.001559
0.001612
0.001019
0.001787
0.001580
0.001020
0.001442
0.001979
0.001749
0.001048
0.001344
0.001048
0.002023
0.001336
0.001288
0.001419
0.001173
0.001188
0.001401
0.000942
0.001396
0.002081
0.001040
0.001694
0.000833
0.001143
0.001488
0.000679
0.001220
0.001402
0.001799
0.000897
0.002407
0.001424
0.001425
0.001017
0.002845
0.001972
0.001242
0.001170
0.000468
0.001273
0.000874
0.000886
0.001457
0.001377
0.002189
0.001163
0.001053
0.001230
0.000379
0.001891
0.000494
0.001043
0.000514
0.000988
0.000909
0.001354
0.001153
0.001688
0.000656
0.001755
0.000963
0.001041
0.000738
0.000958
0.000891
0.001328
0.001243
0.002912
0.001802
0.001927
0.000587
0.001500
0.001020
0.001047
0.001437
0.002201
0.001546
0.001581
0.001275
0.001072
0.000743
0.000597
0.002030
0.002388
0.000804
0.001345
0.001768
0.001083
0.000685
0.000765
0.001394
0.000711
0.000618
0.000990
0.001198
0.001168
0.001539
0.000631
0.001007
0.001189
0.001230
0.001704
0.001765
0.000965
0.001394
0.000394
0.001255
0.000467
0.001227
0.001350
0.000259
0.000435
0.000903
0.001171
0.001205
0.001476
0.001146
0.001702
0.000869
0.001296
0.001131
0.000579
0.001945
0.001151
0.001072
0.001856
0.001824
0.000942
0.001260
0.001185
0.001396
0.001390
0.000822
0.001889
0.001134
0.001288
0.001063
0.000998
0.001393
0.000676
0.001584
0.001727
0.001102
0.001200
0.000646
0.001912
0.001201
0.001583
0.001175
0.000725
0.002123
0.001529
0.001336
0.002175
0.001768
0.000685
0.000717
0.002186
0.001714
0.001241
0.000577
0.001236
0.002190
0.000963
0.001270
0.002117
0.001398
0.000681
0.001353
0.000957
0.001162
0.000884
0.001131
0.000878
0.000735
0.000188
0.001236
0.001651
0.002637
0.000784
0.000892
0.000931
0.001101
0.001245
0.000716
0.001466
0.001495
0.001060
0.000474
0.000849
0.001197
0.001502
0.001275
0.000964
0.000682
0.001102
0.000944
0.001638
0.001279
0.001455
0.001286
0.000682
0.001347
0.001668
0.001085
0.001138
0.000815
0.001459
0.001068
0.001159
0.000972
0.001434
0.000854
0.001533
0.000385
0.001347
0.000671
0.000803
0.001048
0.002026
0.001611
0.001208
0.001296
0.001859
0.001101
0.001411
0.000836
0.001235
0.000951
0.001337
0.000925
0.001211
0.000417
0.001052
0.001593
0.000841
0.001020
0.000880
0.001409
0.002277
0.001445
0.000424
0.001192
0.001322
0.000587
0.000560
0.001624
0.001462
0.001595
0.001592
0.001582
0.000870
0.001963
0.001392
0.001093
0.001569
0.001143
0.001507
0.000827
0.001639
0.001337
0.000521
0.000714
0.001506
0.001312
0.001257
0.001057
0.001421
0.001279
0.001326
0.001347
0.000888
0.001390
0.001117
0.001017
0.001166
0.001109
0.001258
0.001490
0.001113
0.001632
0.001804
0.000936
0.001860
0.000813
0.000572
0.000524
0.001335
0.001198
0.001149
0.001027
0.001491
0.000188
0.001378
0.001090
0.001452
0.001064
0.001573
0.000897
0.001159
0.000488
0.001062
0.000908
0.000793
0.000926
0.001544
0.001611
0.001937
0.002005
0.001986
0.000607
0.001878
0.001055
0.000795
0.001348
0.002298
0.002211
0.001854
0.000759
0.001937
0.001430
0.001707
0.001170
0.002033
0.001231
0.001197
0.000935
0.000934
0.001468
0.001906
0.000878
0.000907
0.001741
0.001113
0.001048
0.001082
0.001266
0.002232
0.000701
0.001053
0.001049
0.001228
0.001330
0.001310
0.000734
0.000774
0.001067
0.000714
0.000809
0.001202
0.001171
0.001400
0.001214
0.001351
0.001409
0.001211
0.001787
0.000903
0.000824
0.001265
0.000897
0.001333
0.001911
0.001528
0.001388
0.000718
0.001147
0.001278
0.001455
0.001644
0.000990
0.000680
0.002007
0.001112
0.001752
0.001197
0.001716
0.000800
0.001545
0.000633
0.000918
0.001715
0.000692
0.001101
0.002266
0.001588
0.001110
0.001056
0.001052
0.001758
0.000502
0.001089
0.002021
0.001191
0.001364
0.001962
0.001294
0.000475
0.000708
0.001158
0.001356
0.000432
0.001947
0.001092
0.000832
0.000901
0.000998
0.000851
0.000722
0.002106
0.001582
0.001373
0.000944
0.000931
0.001221
0.001570
0.001593
0.000716
0.001223
0.001752
0.001554
0.000690
0.001045
0.001222
0.001368
0.000968
0.001479
0.001002
0.001761
0.000465
0.000746
0.000933
0.000779
0.000633
0.001414
0.000750
0.000951
0.001338
0.001599
0.001484
0.001230
0.001426
0.000945
0.001492
0.000915
0.001778
0.000758
0.001798
0.001278
0.001188
0.000431
0.001019
0.001368
0.002221
0.001313
0.001262
0.001005
0.001300
0.001241
0.000976
0.001396
0.001570
0.001904
0.001479
0.001323
0.001365
0.000526
0.001098
0.001314
0.001230
0.001938
0.001544
0.001229
0.000868
0.001873
0.001071
0.000808
0.000718
0.000745
0.000395
0.001728
0.000926
0.000964
0.001752
0.001737
0.000787
0.001570
0.001507
0.001042
0.001499
0.002202
0.001346
0.000796
0.001364
0.000435
0.001386
0.001130
0.001228
0.000759
0.001639
0.001346
0.001442
0.001948
0.002375
0.002416
0.002229
0.000647
0.001516
0.001611
0.001111
0.000900
0.001629
0.002293
0.001145
0.000738
0.001130
0.001090
0.002029
0.001470
0.001445
0.002020
0.001280
0.002069
0.001048
0.001551
0.002616
0.001454
0.000593
0.001112
0.000599
0.001033
0.000863
0.000851
0.002062
0.001434
0.002278
0.001746
0.001284
0.002329
0.001024
0.001637
0.000930
0.001267
0.000587
0.001277
0.001408
0.001101
0.001353
0.002065
0.001108
0.000544
0.002221
0.001062
0.000844
0.000630
0.001446
0.000371
0.001560
0.001016
0.000767
0.001083
0.000779
0.001316
0.001172
0.001034
0.000964
0.000925
0.001192
0.001022
0.001716
0.001418
0.000550
0.001979
0.000820
0.000479
0.001572
0.000949
0.001100
0.000959
0.002044
0.001287
0.000736
0.001249
0.001152
0.001560
0.000811
0.001318
0.001744
0.001352
0.000738
0.000900
0.001649
0.000837
0.000679
0.001145
0.000969
0.001540
0.000571
0.000859
0.000932
0.001335
0.000732
0.000844
0.001141
0.000831
0.001094
0.001515
0.000812
0.001220
0.001552
0.000685
0.001652
0.001127
0.000188
0.001208
0.001159
0.001313
0.000840
0.001282
0.001039
0.001532
0.000745
0.000831
0.001666
0.001531
0.001823
0.001168
0.001538
0.002032
0.000362
0.000590
0.001474
0.002040
0.001410
0.001622
0.000920
0.001978
0.001851
0.001501
0.000906
0.001484
0.001291
0.000868
0.001786
0.001903
0.002013
0.001383
0.001899
0.001714
0.001418
0.001204
0.001538
0.001482
0.001561
0.001148
0.002232
0.001086
0.001480
0.000529
0.000716
0.002710
0.001477
0.000944
0.001258
0.000784
0.002195
0.000496
0.001068
0.000847
0.001119
0.001886
0.000762
0.001766
0.001009
0.001145
0.000907
0.001228
0.001073
0.001514
0.001334
0.000727
0.001290
0.000951
0.002437
0.000580
0.001928
0.001312
0.001236
0.000701
0.001686
0.001416
0.000885
0.000781
0.000719
0.000568
0.000521
0.001390
0.001655
0.001612
0.001523
0.000877
0.001106
0.001670
0.002247
0.000938
0.001781
0.001232
0.001248
0.001067
0.001417
0.000825
0.001153
0.001628
0.001238
0.001201
0.002514
0.001379
0.001048
0.000987
0.001531
0.001884
0.001007
0.000748
0.001260
0.001665
0.000532
0.001369
0.002070
0.001876
0.001067
0.000861
0.001364
0.001564
0.001739
0.000539
0.001436
0.001093
0.001044
0.001629
0.002366
0.001071
0.001275
0.000665
0.002367
0.001173
0.000843
0.001467
0.001777
0.001402
0.001698
0.001528
0.000933
0.001251
0.001536
0.001384
0.000481
0.001820
0.001352
0.002497
0.001982
0.001176
0.001201
0.000678
0.001979
0.000749
0.000528
0.001312
0.001067
0.000843
0.000927
0.001898
0.001555
0.001152
0.000659
0.000925
0.000996
0.000835
0.000642
0.001273
0.001018
0.002336
0.001636
0.000869
0.000798
0.000489
0.001343
0.000909
0.001172
0.001321
0.000639
0.000841
0.001182
0.000851
0.000755
0.001303
0.000473
0.000707
0.001069
0.001559
0.001612
0.001019
0.001787
0.001580
0.001020
0.001442
0.001979
0.001749
0.001048
0.001344
0.001048
0.002023
0.001336
0.001288
0.001419
0.001173
0.001188
0.001401
0.000942
0.001396
0.002081
0.001040
0.001694
0.000833
0.001143
0.001488
0.000679
0.001220
0.001402
0.001799
0.000897
0.002407
0.001424
0.001425
0.001017
0.002845
0.001972
0.001242
0.001170
0.000468
0.001273
0.000874
0.000886
0.001457
0.001377
0.002189
0.001163
0.001053
0.001230
0.000379
0.001891
0.000494
0.001043
0.000514
0.000988
0.000909
0.001354
0.001153
0.001688
0.000656
0.001755
0.000963
0.001041
0.000738
0.000958
0.000891
0.001328
0.001243
0.002912
0.001802
0.001927
0.000587
0.001500
0.001020
0.001047
0.001437
0.002201
0.001546
0.001581
0.001275
0.001072
0.000743
0.000597
0.002030
0.002388
0.000804
0.001345
0.001768
0.001083
0.000685
0.000765
0.001394
0.000711
0.000618
0.000990
0.001198
0.001168
0.001539
0.000631
0.001007
0.001189
0.001230
0.001704
0.001765
0.000965
0.001394
0.000394
0.001255
0.000467
0.001227
0.001350
0.000259
0.000435
0.000903
0.001171
0.001205
0.001476
0.001146
0.001702
0.000869
0.001296
0.001131
0.000579
0.001945
0.001151
0.001072
0.001856
0.001824
0.000942
0.001260
0.001185
0.001396
0.001390
0.000822
0.001889
0.001134
0.001288
0.001063
0.000998
0.001393
0.000676
0.001584
0.001727
0.001102
0.001200
0.000646
0.001912
0.001201
0.001583
0.001175
0.000725
0.002123
0.001529
0.001336
0.002175
0.001768
0.000685
0.000717
0.002186
0.001714
0.001241
0.000577
0.001236
0.002190
0.000963
0.001270
0.002117
0.001398
0.000681
0.001353
0.000957
0.001162
0.000884
0.001131
0.000878
0.000735
0.000188
0.001236
0.001651
0.002637
0.000784
0.000892
0.000931
0.001101
0.001245
0.000716
0.001466
0.001495
0.001060
0.000474
0.000849
0.001197
0.001502
0.001275
0.000964
0.000682
0.001102
0.000944
0.001638
0.001279
0.001455
0.001286
0.000682
0.001347
0.001668
0.001085
0.001138
0.000815
0.001459
0.001068
0.001159
0.000972
0.001434
0.000854
0.001533
0.000385
0.001347
0.000671
0.000803
0.001048
0.002026
0.001611
0.001208
0.001296
0.001859
0.001101
0.001411
0.000836
0.001235
0.000951
0.001337
0.000925
0.001211
0.000417
0.001052
0.001593
0.000841
0.001020
0.000880
0.001409
0.002277
0.001445
0.000424
0.001192
0.001322
0.000587
0.000560
0.001624
0.001462
0.001595
0.001592
0.001582
0.000870
0.001963
0.001392
0.001093
0.001569
0.001143
0.001507
0.000827
0.001639
0.001337
0.000521
0.000714
0.001506
0.001312
0.001257
0.001057
0.001421
0.001279
0.001326
0.001347
0.000888
0.001390
0.001117
0.001017
0.001166
0.001109
0.001258
0.001490
0.001113
0.001632
0.001804
0.000936
0.001860
0.000813
0.000572
0.000524
0.001335
0.001198
0.001149
0.001027
0.001491
0.000188
0.001378
0.001090
0.001452
0.001064
0.001573
0.000897
0.001159
0.000488
0.001062
0.000908
0.000793
0.000926
0.001544
0.001611
0.001937
0.002005
0.001986
0.000607
0.001878
0.001055
0.000795
0.001348
0.002298
0.002211
0.001854
0.000759
0.001937
0.001430
0.001707
0.001170
0.002033
0.001231
0.001197
0.000935
0.000934
0.001468
0.001906
0.000878
0.000907
0.001741
0.001113
0.001048
0.001082
0.001266
0.002232
0.000701
0.001053
0.001049
0.001228
0.001330
0.001310
0.000734
0.000774
0.001067
0.000714
0.000809
0.001202
0.001171
0.001400
0.001214
0.001351
0.001409
0.001211
0.001787
0.000903
0.000824
0.001265
0.000897
0.001333
0.001911
0.001528
0.001388
0.000718
0.001147
0.001278
0.001455
0.001644
0.000990
0.000680
0.002007
0.001112
0.001752
0.001197
0.001716
0.000800
0.001545
0.000633
0.000918
0.001715
0.000692
0.001101
0.002266
0.001588
0.001110
0.001056
0.001052
0.001758
0.000502
0.001089
0.002021
0.001191
0.001364
0.001962
0.001294
0.000475
0.000708
0.001158
0.001356
0.000432
0.001947
0.001092
0.000832
0.000901
0.000998
0.000851
0.000722
0.002106
0.001582
0.001373
0.000944
0.000931
0.001221
0.001570
0.001593
0.000716
0.001223
0.001752
0.001554
0.000690
0.001045
0.001222
0.001368
0.000968
0.001479
0.001002
0.001761
0.000465
0.000746
0.000933
0.000779
0.000633
0.001414
0.000750
0.000951
0.001338
0.001599
0.001484
0.001230
0.001426
0.000945
0.001492
0.000915
0.001778
0.000758
0.001798
0.001278
0.001188
0.000431
0.001019
0.001368
0.002221
0.001313
0.001262
0.001005
0.001300
0.001241
0.000976
0.001396
0.001570
0.001904
0.001479
0.001323
0.001365
0.000526
0.001098
0.001314
0.001230
0.001938
0.001544
0.001229
0.000868
0.001873
0.001071
0.000808
0.000718
0.000745
0.000395
0.001728
0.000926
0.000964
0.001752
0.001737
0.000787
0.001570
0.001507
0.001042
0.001499
0.002202
0.001346
0.000796
0.001364
0.000435
0.001386
0.001130
0.001228
0.000759
0.001639
0.001346
0.001442
0.001948
0.002375
0.002416
0.002229
0.000647
0.001516
0.001611
0.001111
0.000900
0.001629
0.002293
0.001145
0.000738
0.001130
0.001090
0.002029
0.001470
0.001445
0.002020
0.001280
0.002069
0.001048
0.001551
0.002616
0.001454
0.000593
0.001112
0.000599
0.001033
0.000863
0.000851
0.002062
0.001434
0.002278
0.001746
0.001284
0.002329
0.001024
0.001637
0.000930
0.001267
0.000587
0.001277
0.001408
0.001101
0.001353
0.002065
0.001108
0.000544
0.002221
0.001062
0.000844
0.000630
0.001446
0.000371
0.001560
0.001016
0.000767
0.001083
0.000779
0.001316
0.001172
0.001034
0.000964
0.000925
0.001192
0.001022
0.001716
0.001418
0.000550
0.001979
0.000820
0.000479
0.001572
0.000949
0.001100
0.000959
0.002044
0.001287
0.000736
0.001249
0.001152
0.001560
0.000811
0.001318
0.001744
0.001352
0.000738
0.000900
0.001649
0.000837
0.000679
0.001145
0.000969
0.001540
0.000571
0.000859
0.000932
0.001335
0.000732
0.000844
0.001141
0.000831
0.001094
0.001515
0.000812
0.001220
0.001552
0.000685
0.001652
0.001127
0.000188
0.001208
0.001159
0.001313
0.000840
0.001282
0.001039
0.001532
0.000745
0.000831
0.001666
0.001531
0.001823
0.001168
0.001538
0.002032
0.000362
0.000590
0.001474
0.002040
0.001410
0.001622
0.000920
0.001978
0.001851
0.001501
0.000906
0.001484
0.001291
0.000868
0.001786
0.001903
0.002013
0.001383
0.001899
0.001714
0.001418
0.001204
0.001538
0.001482
0.001561
0.001148
0.002232
0.001086
0.001480
0.000529
0.000716
0.002710
0.001477
0.000944
0.001258
0.000784
0.002195
0.000496
0.001068
0.000847
0.001119
0.001886
0.000762
0.001766
0.001009
0.001145
0.000907
0.001228
0.001073
0.001514
0.001334
0.000727
0.001290
0.000951
0.002437
0.000580
0.001928
0.001312
0.001236
0.000701
0.001686
0.001416
0.000885
0.000781
0.000719
0.000568
0.000521
0.001390
0.001655
0.001612
0.001523
0.000877
0.001106
0.001670
0.002247
0.000938
0.001781
0.001232
0.001248
0.001067
0.001417
0.000825
0.001153
0.001628
0.001238
0.001201
0.002514
0.001379
0.001048
0.000987
0.001531
0.001884
0.001007
0.000748
0.001260
0.001665
0.000532
0.001369
0.002070
0.001876
0.001067
0.000861
0.001364
0.001564
0.001739
0.000539
0.001436
0.001093
0.001044
0.001629
0.002366
0.001071
0.001275
0.000665
0.002367
0.001173
0.000843
0.001467
0.001777
0.001402
0.001698
0.001528
0.000933
0.001251
0.001536
0.001384
0.000481
0.001820
0.001352
0.002497
0.001982
0.001176
0.001201
0.000678
0.001979
0.000749
0.000528
0.001312
0.001067
0.000843
0.000927
0.001898
0.001555
0.001152
0.000659
0.000925
0.000996
0.000835
0.000642
0.001273
0.001018
0.002336
0.001636
0.000869
0.000798
0.000489
0.001343
0.000909
0.001172
0.001321
0.000639
0.000841
0.001182
0.000851
0.000755
0.001303
0.000473
0.000707
0.001069
0.001559
0.001612
0.001019
0.001787
0.001580
0.001020
0.001442
0.001979
0.001749
0.001048
0.001344
0.001048
0.002023
0.001336
0.001288
0.001419
0.001173
0.001188
0.001401
0.000942
0.001396
0.002081
0.001040
0.001694
0.000833
0.001143
0.001488
0.000679
0.001220
0.001402
0.001799
0.000897
0.002407
0.001424
0.001425
0.001017
0.002845
0.001972
0.001242
0.001170
0.000468
0.001273
0.000874
0.000886
0.001457
0.001377
0.002189
0.001163
0.001053
0.001230
0.000379
0.001891
0.000494
0.001043
0.000514
0.000988
0.000909
0.001354
0.001153
0.001688
0.000656
0.001755
0.000963
0.001041
0.000738
0.000958
0.000891
0.001328
0.001243
0.002912
0.001802
0.001927
0.000587
0.001500
0.001020
0.001047
0.001437
0.002201
0.001546
0.001581
0.001275
0.001072
0.000743
0.000597
0.002030
0.002388
0.000804
0.001345
0.001768
0.001083
0.000685
0.000765
0.001394
0.000711
0.000618
0.000990
0.001198
0.001168
0.001539
0.000631
0.001007
0.001189
0.001230
0.001704
0.001765
0.000965
0.001394
0.000394
0.001255
0.000467
0.001227
0.001350
0.000259
0.000435
0.000903
0.001171
0.001205
0.001476
0.001146
0.001702
0.000869
0.001296
0.001131
0.000579
0.001945
0.001151
0.001072
0.001856
0.001824
0.000942
0.001260
0.001185
0.001396
0.001390
0.000822
0.001889
0.001134
0.001288
0.001063
0.000998
0.001393
0.000676
0.001584
0.001727
0.001102
0.001200
0.000646
0.001912
0.001201
0.001583
0.001175
0.000725
0.002123
0.001529
0.001336
0.002175
0.001768
0.000685
0.000717
0.002186
0.001714
0.001241
0.000577
0.001236
0.002190
0.000963
0.001270
0.002117
0.001398
0.000681
0.001353
0.000957
0.001162
0.000884
0.001131
0.000878
0.000735
0.000188
0.001236
0.001651
0.002637
0.000784
0.000892
0.000931
0.001101
0.001245
0.000716
0.001466
0.001495
0.001060
0.000474
0.000849
0.001197
0.001502
0.001275
0.000964
0.000682
0.001102
0.000944
0.001638
0.001279
0.001455
0.001286
0.000682
0.001347
0.001668
0.001085
0.001138
0.000815
0.001459
0.001068
0.001159
0.000972
0.001434
0.000854
0.001533
0.000385
0.001347
0.000671
0.000803
0.001048
0.002026
0.001611
0.001208
0.001296
0.001859
0.001101
0.001411
0.000836
0.001235
0.000951
0.001337
0.000925
0.001211
0.000417
0.001052
0.001593
0.000841
0.001020
0.000880
0.001409
0.002277
0.001445
0.000424
0.001192
0.001322
0.000587
0.000560
0.001624
0.001462
0.001595
0.001592
0.001582
0.000870
0.001963
0.001392
0.001093
0.001569
0.001143
0.001507
0.000827
0.001639
0.001337
0.000521
0.000714
0.001506
0.001312
0.001257
0.001057
0.001421
0.001279
0.001326
0.001347
0.000888
0.001390
0.001117
0.001017
0.001166
0.001109
0.001258
0.001490
0.001113
0.001632
0.001804
0.000936
0.001860
0.000813
0.000572
0.000524
0.001335
0.001198
0.001149
0.001027
0.001491
0.000188
0.001378
0.001090
0.001452
0.001064
0.001573
0.000897
0.001159
0.000488
0.001062
0.000908
0.000793
0.000926
0.001544
0.001611
0.001937
0.002005
0.001986
0.000607
0.001878
0.001055
0.000795
0.001348
0.002298
0.002211
0.001854
0.000759
0.001937
0.001430
0.001707
0.001170
0.002033
0.001231
0.001197
0.000935
0.000934
0.001468
0.001906
0.000878
0.000907
0.001741
0.001113
0.001048
0.001082
0.001266
0.002232
0.000701
0.001053
0.001049
0.001228
0.001330
0.001310
0.000734
0.000774
0.001067
0.000714
0.000809
0.001202
0.001171
0.001400
0.001214
0.001351
0.001409
0.001211
0.001787
0.000903
0.000824
0.001265
0.000897
0.001333
0.001911
0.001528
0.001388
0.000718
0.001147
0.001278
0.001455
0.001644
0.000990
0.000680
0.002007
0.001112
0.001752
0.001197
0.001716
0.000800
0.001545
0.000633
0.000918
0.001715
0.000692
0.001101
0.002266
0.001588
0.001110
0.001056
0.001052
0.001758
0.000502
0.001089
0.002021
0.001191
0.001364
0.001962
0.001294
0.000475
0.000708
0.001158
0.001356
0.000432
0.001947
0.001092
0.000832
0.000901
0.000998
0.000851
0.000722
0.002106
0.001582
0.001373
0.000944
0.000931
0.001221
0.001570
0.001593
0.000716
0.001223
0.001752
0.001554
0.000690
0.001045
0.001222
0.001368
0.000968
0.001479
0.001002
0.001761
0.000465
0.000746
0.000933
0.000779
0.000633
0.001414
0.000750
0.000951
0.001338
0.001599
0.001484
0.001230
0.001426
0.000945
0.001492
0.000915
0.001778
0.000758
0.001798
0.001278
0.001188
0.000431
0.001019
0.001368
0.002221
0.001313
0.001262
0.001005
0.001300
0.001241
0.000976
0.001396
0.001570
0.001904
0.001479
0.001323
0.001365
0.000526
0.001098
0.001314
0.001230
0.001938
0.001544
0.001229
0.000868
0.001873
0.001071
0.000808
0.000718
0.000745
0.000395
0.001728
0.000926
0.000964
0.001752
0.001737
0.000787
0.001570
0.001507
0.001042
0.001499
0.002202
0.001346
0.000796
0.001364
0.000435
0.001386
0.001130
0.001228
0.000759
0.001639
0.001346
0.001442
0.001948
0.002375
0.002416
0.002229
0.000647
0.001516
0.001611
0.001111
0.000900
0.001629
0.002293
0.001145
0.000738
0.001130
0.001090
0.002029
0.001470
0.001445
0.002020
0.001280
0.002069
0.001048
0.001551
0.002616
0.001454
0.000593
0.001112
0.000599
0.001033
0.000863
0.000851
0.002062
0.001434
0.002278
0.001746
0.001284
0.002329
0.001024
0.001637
0.000930
0.001267
0.000587
0.001277
0.001408
0.001101
0.001353
0.002065
0.001108
0.000544
0.002221
0.001062
0.000844
0.000630
0.001446
0.000371
0.001560
0.001016
0.000767
0.001083
0.000779
0.001316
0.001172
0.001034
0.000964
0.000925
0.001192
0.001022
0.001716
0.001418
0.000550
0.001979
0.000820
0.000479
0.001572
0.000949
0.001100
0.000959
0.002044
0.001287
0.000736
0.001249
0.001152
0.001560
0.000811
0.001318
0.001744
0.001352
0.000738
0.000900
0.001649
0.000837
0.000679
0.001145
0.000969
0.001540
0.000571
0.000859
0.000932
0.001335
0.000732
0.000844
0.001141
0.000831
0.001094
0.001515
0.000812
0.001220
0.001552
0.000685
0.001652
0.001127
0.000188
0.001208
0.001159
0.001313
0.000840
0.001282
0.001039
0.001532
0.000745
0.000831
0.001666
0.001531
0.001823
0.001168
0.001538
0.002032
0.000362
0.000590
0.001474
0.002040
0.001410
0.001622
0.000920
0.001978
0.001851
0.001501
0.000906
0.001484
0.001291
0.000868
0.001786
0.001903
0.002013
0.001383
0.001899
0.001714
0.001418
0.001204
0.001538
0.001482
0.001561
0.001148
0.002232
0.001086
0.001480
0.000529
0.000716
0.002710
0.001477
0.000944
0.001258
0.000784
0.002195
0.000496
0.001068
0.000847
0.001119
0.001886
0.000762
0.001766
0.001009
0.001145
0.000907
0.001228
0.001073
0.001514
0.001334
0.000727
0.001290
0.000951
0.002437
0.000580
0.001928
0.001312
0.001236
0.000701
0.001686
0.001416
0.000885
0.000781
0.000719
0.000568
0.000521
0.001390
0.001655
0.001612
0.001523
0.000877
0.001106
0.001670
0.002247
0.000938
0.001781
0.001232
0.001248
0.001067
0.001417
0.000825
0.001153
0.001628
0.001238
0.001201
0.002514
0.001379
0.001048
0.000987
0.001531
0.001884
0.001007
0.000748
0.001260
0.001665
0.000532
0.001369
0.002070
0.001876
0.001067
0.000861
0.001364
0.001564
0.001739
0.000539
0.001436
0.001093
0.001044
0.001629
0.002366
0.001071
0.001275
0.000665
0.002367
0.001173
0.000843
0.001467
0.001777
0.001402
0.001698
0.001528
0.000933
0.001251
0.001536
0.001384
0.000481
0.001820
0.001352
0.002497
0.001982
0.001176
0.001201
0.000678
0.001979
0.000749
0.000528
0.001312
0.001067
0.000843
0.000927
0.001898
0.001555
0.001152
0.000659
0.000925
0.000996
0.000835
0.000642
0.001273
0.001018
0.002336
0.001636
0.000869
0.000798
0.000489
0.001343
0.000909
0.001172
0.001321
0.000639
0.000841
0.001182
0.000851
0.000755
0.001303
0.000473
0.000707
0.001069
0.001559
0.001612
0.001019
0.001787
0.001580
0.001020
0.001442
0.001979
0.001749
0.001048
0.001344
0.001048
0.002023
0.001336
0.001288
0.001419
0.001173
0.001188
0.001401
0.000942
0.001396
0.002081
0.001040
0.001694
0.000833
0.001143
0.001488
0.000679
0.001220
0.001402
0.001799
0.000897
0.002407
0.001424
0.001425
0.001017
0.002845
0.001972
0.001242
0.001170
0.000468
0.001273
0.000874
0.000886
0.001457
0.001377
0.002189
0.001163
0.001053
0.001230
0.000379
0.001891
0.000494
0.001043
0.000514
0.000988
0.000909
0.001354
0.001153
0.001688
0.000656
0.001755
0.000963
0.001041
0.000738
0.000958
0.000891
0.001328
0.001243
0.002912
0.001802
0.001927
0.000587
0.001500
0.001020
0.001047
0.001437
0.002201
0.001546
0.001581
0.001275
0.001072
0.000743
0.000597
0.002030
0.002388
0.000804
0.001345
0.001768
0.001083
0.000685
0.000765
0.001394
0.000711
0.000618
0.000990
0.001198
0.001168
0.001539
0.000631
0.001007
0.001189
0.001230
0.001704
0.001765
0.000965
0.001394
0.000394
0.001255
0.000467
0.001227
0.001350
0.000259
0.000435
0.000903
0.001171
0.001205
0.001476
0.001146
0.001702
0.000869
0.001296
0.001131
0.000579
0.001945
0.001151
0.001072
0.001856
0.001824
0.000942
0.001260
0.001185
0.001396
0.001390
0.000822
0.001889
0.001134
0.001288
0.001063
0.000998
0.001393
0.000676
0.001584
0.001727
0.001102
0.001200
0.000646
0.001912
0.001201
0.001583
0.001175
0.000725
0.002123
0.001529
0.001336
0.002175
0.001768
0.000685
0.000717
0.002186
0.001714
0.001241
0.000577
0.001236
0.002190
0.000963
0.001270
0.002117
0.001398
0.000681
0.001353
0.000957
0.001162
0.000884
0.001131
0.000878
0.000735
0.000188
0.001236
0.001651
0.002637
0.000784
0.000892
0.000931
0.001101
0.001245
0.000716
0.001466
0.001495
0.001060
0.000474
0.000849
0.001197
0.001502
0.001275
0.000964
0.000682
0.001102
0.000944
0.001638
0.001279
0.001455
0.001286
0.000682
0.001347
0.001668
0.001085
0.001138
0.000815
0.001459
0.001068
0.001159
0.000972
0.001434
0.000854
0.001533
0.000385
0.001347
0.000671
0.000803
0.001048
0.002026
0.001611
0.001208
0.001296
0.001859
0.001101
0.001411
0.000836
0.001235
0.000951
0.001337
0.000925
0.001211
0.000417
0.001052
0.001593
0.000841
0.001020
0.000880
0.001409
0.002277
0.001445
0.000424
0.001192
0.001322
0.000587
0.000560
0.001624
0.001462
0.001595
0.001592
0.001582
0.000870
0.001963
0.001392
0.001093
0.001569
0.001143
0.001507
0.000827
0.001639
0.001337
0.000521
0.000714
0.001506
0.001312
0.001257
0.001057
0.001421
0.001279
0.001326
0.001347
0.000888
0.001390
0.001117
0.001017
0.001166
0.001109
0.001258
0.001490
0.001113
0.001632
0.001804
0.000936
0.001860
0.000813
0.000572
0.000524
0.001335
0.001198
0.001149
0.001027
0.001491
0.000188
0.001378
0.001090
0.001452
0.001064
0.001573
0.000897
0.001159
0.000488
0.001062
0.000908
0.000793
0.000926
0.001544
0.001611
0.001937
0.002005
0.001986
0.000607
0.001878
0.001055
0.000795
0.001348
0.002298
0.002211
0.001854
0.000759
0.001937
0.001430
0.001707
0.001170
0.002033
0.001231
0.001197
0.000935
0.000934
0.001468
0.001906
0.000878
0.000907
0.001741
0.001113
0.001048
0.001082
0.001266
0.002232
0.000701
0.001053
0.001049
0.001228
0.001330
0.001310
0.000734
0.000774
0.001067
0.000714
0.000809
0.001202
0.001171
0.001400
0.001214
0.001351
0.001409
0.001211
0.001787
0.000903
0.000824
0.001265
0.000897
0.001333
0.001911
0.001528
0.001388
0.000718
0.001147
0.001278
0.001455
0.001644
0.000990
0.000680
0.002007
0.001112
0.001752
0.001197
0.001716
0.000800
0.001545
0.000633
0.000918
0.001715
0.000692
0.001101
0.002266
0.001588
0.001110
0.001056
0.001052
0.001758
0.000502
0.001089
0.002021
0.001191
0.001364
0.001962
0.001294
0.000475
0.000708
0.001158
0.001356
0.000432
0.001947
0.001092
0.000832
0.000901
0.000998
0.000851
0.000722
0.002106
0.001582
0.001373
0.000944
0.000931
0.001221
0.001570
0.001593
0.000716
0.001223
0.001752
0.001554
0.000690
0.001045
0.001222
0.001368
0.000968
0.001479
0.001002
0.001761
0.000465
0.000746
0.000933
0.000779
0.000633
0.001414
0.000750
0.000951
0.001338
0.001599
0.001484
0.001230
0.001426
0.000945
0.001492
0.000915
0.001778
0.000758
0.001798
0.001278
0.001188
0.000431
0.001019
0.001368
0.002221
0.001313
0.001262
0.001005
0.001300
0.001241
0.000976
0.001396
0.001570
0.001904
0.001479
0.001323
0.001365
0.000526
0.001098
0.001314
0.001230
0.001938
0.001544
0.001229
0.000868
0.001873
0.001071
0.000808
0.000718
0.000745
0.000395
0.001728
0.000926
0.000964
0.001752
0.001737
0.000787
0.001570
0.001507
0.001042
0.001499
0.002202
0.001346
0.000796
0.001364
0.000435
0.001386
0.001130
0.001228
0.000759
0.001639
0.001346
0.001442
0.001948
0.002375
0.002416
0.002229
0.000647
0.001516
0.001611
0.001111
0.000900
0.001629
0.002293
0.001145
0.000738
0.001130
0.001090
0.002029
0.001470
0.001445
0.002020
0.001280
0.002069
0.001048
0.001551
0.002616
0.001454
0.000593
0.001112
0.000599
0.001033
0.000863
0.000851
0.002062
0.001434
0.002278
0.001746
0.001284
0.002329
0.001024
0.001637
0.000930
0.001267
0.000587
0.001277
0.001408
0.001101
0.001353
0.002065
0.001108
0.000544
0.002221
0.001062
0.000844
0.000630
0.001446
0.000371
0.001560
0.001016
0.000767
0.001083
0.000779
0.001316
0.001172
0.001034
0.000964
0.000925
0.001192
0.001022
0.001716
0.001418
0.000550
0.001979
0.000820
0.000479
0.001572
0.000949
0.001100
0.000959
0.002044
0.001287
0.000736
0.001249
0.001152
0.001560
0.000811
0.001318
0.001744
0.001352
0.000738
0.000900
0.001649
0.000837
0.000679
0.001145
0.000969
0.001540
0.000571
0.000859
0.000932
0.001335
0.000732
0.000844
0.001141
0.000831
0.001094
0.001515
0.000812
0.001220
0.001552
0.000685
0.001652
0.001127
0.000188
0.001208
0.001159
0.001313
0.000840
0.001282
0.001039
0.001532
0.000745
0.000831
0.001666
0.001531
0.001823
0.001168
0.001538
0.002032
0.000362
0.000590
0.001474
0.002040
0.001410
0.001622
0.000920
0.001978
0.001851
0.001501
0.000906
0.001484
0.001291
0.000868
0.001786
0.001903
0.002013
0.001383
0.001899
0.001714
0.001418
0.001204
0.001538
0.001482
0.001561
0.001148
0.002232
0.001086
0.001480
0.000529
0.000716
0.002710
0.001477
0.000944
0.001258
0.000784
0.002195
0.000496
0.001068
0.000847
0.001119
0.001886
0.000762
0.001766
0.001009
0.001145
0.000907
0.001228
0.001073
0.001514
0.001334
0.000727
0.001290
0.000951
0.002437
0.000580
0.001928
0.001312
0.001236
0.000701
0.001686
0.001416
0.000885
0.000781
0.000719
0.000568
0.000521
0.001390
0.001655
0.001612
0.001523
0.000877
0.001106
0.001670
0.002247
0.000938
0.001781
0.001232
0.001248
0.001067
0.001417
0.000825
0.001153
0.001628
0.001238
0.001201
0.002514
0.001379
0.001048
0.000987
0.001531
0.001884
0.001007
0.000748
0.001260
0.001665
0.000532
0.001369
0.002070
0.001876
0.001067
0.000861
0.001364
0.001564
0.001739
0.000539
0.001436
0.001093
0.001044
0.001629
0.002366
0.001071
0.001275
0.000665
0.002367
0.001173
0.000843
0.001467
0.001777
0.001402
0.001698
0.001528
0.000933
0.001251
0.001536
0.001384
0.000481
0.001820
0.001352
0.002497
0.001982
0.001176
0.001201
0.000678
0.001979
0.000749
0.000528
0.001312
0.001067
0.000843
0.000927
0.001898
0.001555
0.001152
0.000659
0.000925
0.000996
0.000835
0.000642
0.001273
0.001018
0.002336
0.001636
0.000869
0.000798
0.000489
0.001343
0.000909
0.001172
0.001321
0.000639
0.000841
0.001182
0.000851
0.000755
0.001303
0.000473
0.000707
0.001069
0.001559
0.001612
0.001019
0.001787
0.001580
0.001020
0.001442
0.001979
0.001749
0.001048
0.001344
0.001048
0.002023
0.001336
0.001288
0.001419
0.001173
0.001188
0.001401
0.000942
0.001396
0.002081
0.001040
0.001694
0.000833
0.001143
0.001488
0.000679
0.001220
0.001402
0.001799
0.000897
0.002407
0.001424
0.001425
0.001017
0.002845
0.001972
0.001242
0.001170
0.000468
0.001273
0.000874
0.000886
0.001457
0.001377
0.002189
0.001163
0.001053
0.001230
0.000379
0.001891
0.000494
0.001043
0.000514
0.000988
0.000909
0.001354
0.001153
0.001688
0.000656
0.001755
0.000963
0.001041
0.000738
0.000958
0.000891
0.001328
0.001243
0.002912
0.001802
0.001927
0.000587
0.001500
0.001020
0.001047
0.001437
0.002201
0.001546
0.001581
0.001275
0.001072
0.000743
0.000597
0.002030
0.002388
0.000804
0.001345
0.001768
0.001083
0.000685
0.000765
0.001394
0.000711
0.000618
0.000990
0.001198
0.001168
0.001539
0.000631
0.001007
0.001189
0.001230
0.001704
0.001765
0.000965
0.001394
0.000394
0.001255
0.000467
0.001227
0.001350
0.000259
0.000435
0.000903
0.001171
0.001205
0.001476
0.001146
0.001702
0.000869
0.001296
0.001131
0.000579
0.001945
0.001151
0.001072
0.001856
0.001824
0.000942
0.001260
0.001185
0.001396
0.001390
0.000822
0.001889
0.001134
0.001288
0.001063
0.000998
0.001393
0.000676
0.001584
0.001727
0.001102
0.001200
0.000646
0.001912
0.001201
0.001583
0.001175
0.000725
0.002123
0.001529
0.001336
0.002175
0.001768
0.000685
0.000717
0.002186
0.001714
0.001241
0.000577
0.001236
0.002190
0.000963
0.001270
0.002117
0.001398
0.000681
0.001353
0.000957
0.001162
0.000884
0.001131
0.000878
0.000735
0.000188
0.001236
0.001651
0.002637
0.000784
0.000892
0.000931
0.001101
0.001245
0.000716
0.001466
0.001495
0.001060
0.000474
0.000849
0.001197
0.001502
0.001275
0.000964
0.000682
0.001102
0.000944
0.001638
0.001279
0.001455
0.001286
0.000682
0.001347
0.001668
0.001085
0.001138
0.000815
0.001459
0.001068
0.001159
0.000972
0.001434
0.000854
0.001533
0.000385
0.001347
0.000671
0.000803
0.001048
0.002026
0.001611
0.001208
0.001296
0.001859
0.001101
0.001411
0.000836
0.001235
0.000951
0.001337
0.000925
0.001211
0.000417
0.001052
0.001593
0.000841
0.001020
0.000880
0.001409
0.002277
0.001445
0.000424
0.001192
0.001322
0.000587
0.000560
0.001624
0.001462
0.001595
0.001592
0.001582
0.000870
0.001963
0.001392
0.001093
0.001569
0.001143
0.001507
0.000827
0.001639
0.001337
0.000521
0.000714
0.001506
0.001312
0.001257
0.001057
0.001421
0.001279
0.001326
0.001347
0.000888
0.001390
0.001117
0.001017
0.001166
0.001109
0.001258
0.001490
0.001113
0.001632
0.001804
0.000936
0.001860
0.000813
0.000572
0.000524
0.001335
0.001198
0.001149
0.001027
0.001491
0.000188
0.001378
0.001090
0.001452
0.001064
0.001573
0.000897
0.001159
0.000488
0.001062
0.000908
0.000793
0.000926
0.001544
0.001611
0.001937
0.002005
0.001986
0.000607
0.001878
0.001055
0.000795
0.001348
0.002298
0.002211
0.001854
0.000759
0.001937
0.001430
0.001707
0.001170
0.002033
0.001231
0.001197
0.000935
0.000934
0.001468
0.001906
0.000878
0.000907
0.001741
0.001113
0.001048
0.001082
0.001266
0.002232
0.000701
0.001053
0.001049
0.001228
0.001330
0.001310
0.000734
0.000774
0.001067
0.000714
0.000809
0.001202
0.001171
0.001400
0.001214
0.001351
0.001409
0.001211
0.001787
0.000903
0.000824
0.001265
0.000897
0.001333
0.001911
0.001528
0.001388
0.000718
0.001147
0.001278
0.001455
0.001644
0.000990
0.000680
0.002007
0.001112
0.001752
0.001197
0.001716
0.000800
0.001545
0.000633
0.000918
0.001715
0.000692
0.001101
0.002266
0.001588
0.001110
0.001056
0.001052
0.001758
0.000502
0.001089
0.002021
0.001191
0.001364
0.001962
0.001294
0.000475
0.000708
0.001158
0.001356
0.000432
0.001947
0.001092
0.000832
0.000901
0.000998
0.000851
0.000722
0.002106
0.001582
0.001373
0.000944
0.000931
0.001221
0.001570
0.001593
0.000716
0.001223
0.001752
0.001554
0.000690
0.001045
0.001222
0.001368
0.000968
0.001479
0.001002
0.001761
0.000465
0.000746
0.000933
0.000779
0.000633
0.001414
0.000750
0.000951
0.001338
0.001599
0.001484
0.001230
0.001426
0.000945
0.001492
0.000915
0.001778
0.000758
0.001798
0.001278
0.001188
0.000431
0.001019
0.001368
0.002221
0.001313
0.001262
0.001005
0.001300
0.001241
0.000976
0.001396
0.001570
0.001904
0.001479
0.001323
0.001365
0.000526
0.001098
0.001314
0.001230
0.001938
0.001544
0.001229
0.000868
0.001873
0.001071
0.000808
0.000718
0.000745
0.000395
0.001728
0.000926
0.000964
0.001752
0.001737
0.000787
0.001570
0.001507
0.001042
0.001499
0.002202
0.001346
0.000796
0.001364
0.000435
0.001386
0.001130
0.001228
0.000759
0.001639
0.001346
0.001442
0.001948
0.002375
0.002416
0.002229
0.000647
0.001516
0.001611
0.001111
0.000900
0.001629
0.002293
0.001145
0.000738
0.001130
0.001090
0.002029
0.001470
0.001445
0.002020
0.001280
0.002069
0.001048
0.001551
0.002616
0.001454
0.000593
0.001112
0.000599
0.001033
0.000863
0.000851
0.002062
0.001434
0.002278
0.001746
0.001284
0.002329
0.001024
0.001637
0.000930
0.001267
0.000587
0.001277
0.001408
0.001101
0.001353
0.002065
0.001108
0.000544
0.002221
0.001062
0.000844
0.000630
0.001446
0.000371
0.001560
0.001016
0.000767
0.001083
0.000779
0.001316
0.001172
0.001034
0.000964
0.000925
0.001192
0.001022
0.001716
0.001418
0.000550
0.001979
0.000820
0.000479
0.001572
0.000949
0.001100
0.000959
0.002044
0.001287
0.000736
0.001249
0.001152
0.001560
0.000811
0.001318
0.001744
0.001352
0.000738
0.000900
0.001649
0.000837
0.000679
0.001145
0.000969
0.001540
0.000571
0.000859
0.000932
0.001335
0.000732
0.000844
0.001141
0.000831
0.001094
0.001515
0.000812
0.001220
0.001552
0.000685
0.001652
0.001127
0.000188
0.001208
0.001159
0.001313
0.000840
0.001282
0.001039
0.001532
0.000745
0.000831
0.001666
0.001531
0.001823
0.001168
0.001538
0.002032
0.000362
0.000590
0.001474
0.002040
0.001410
0.001622
0.000920
0.001978
0.001851
0.001501
0.000906
0.001484
0.001291
0.000868
0.001786
0.001903
0.002013
0.001383
0.001899
0.001714
0.001418
0.001204
0.001538
0.001482
0.001561
0.001148
0.002232
0.001086
0.001480
0.000529
0.000716
0.002710
0.001477
0.000944
0.001258
0.000784
0.002195
0.000496
0.001068
0.000847
0.001119
0.001886
0.000762
0.001766
0.001009
0.001145
0.000907
0.001228
0.001073
0.001514
0.001334
0.000727
0.001290
0.000951
0.002437
0.000580
0.001928
0.001312
0.001236
0.000701
0.001686
0.001416
0.000885
0.000781
0.000719
0.000568
0.000521
0.001390
0.001655
0.001612
0.001523
0.000877
0.001106
0.001670
0.002247
0.000938
0.001781
0.001232
0.001248
0.001067
0.001417
0.000825
0.001153
0.001628
0.001238
0.001201
0.002514
0.001379
0.001048
0.000987
0.001531
0.001884
0.001007
0.000748
0.001260
0.001665
0.000532
0.001369
0.002070
0.001876
0.001067
0.000861
0.001364
0.001564
0.001739
0.000539
0.001436
0.001093
0.001044
0.001629
0.002366
0.001071
0.001275
0.000665
0.002367
0.001173
0.000843
0.001467
0.001777
0.001402
0.001698
0.001528
0.000933
0.001251
0.001536
0.001384
0.000481
0.001820
0.001352
0.002497
0.001982
0.001176
0.001201
0.000678
0.001979
0.000749
0.000528
0.001312
0.001067
0.000843
0.000927
0.001898
0.001555
0.001152
0.000659
0.000925
0.000996
0.000835
0.000642
0.001273
0.001018
0.002336
0.001636
0.000869
0.000798
0.000489
0.001343
0.000909
0.001172
0.001321
0.000639
0.000841
0.001182
0.000851
0.000755
0.001303
0.000473
0.000707
0.001069
0.001559
0.001612
0.001019
0.001787
0.001580
0.001020
0.001442
0.001979
0.001749
0.001048
0.001344
0.001048
0.002023
0.001336
0.001288
0.001419
0.001173
0.001188
0.001401
0.000942
0.001396
0.002081
0.001040
0.001694
0.000833
0.001143
0.001488
0.000679
0.001220
0.001402
0.001799
0.000897
0.002407
0.001424
0.001425
0.001017
0.002845
0.001972
0.001242
0.001170
0.000468
0.001273
0.000874
0.000886
0.001457
0.001377
0.002189
0.001163
0.001053
0.001230
0.000379
0.001891
0.000494
0.001043
0.000514
0.000988
0.000909
0.001354
0.001153
0.001688
0.000656
0.001755
0.000963
0.001041
0.000738
0.000958
0.000891
0.001328
0.001243
0.002912
0.001802
0.001927
0.000587
0.001500
0.001020
0.001047
0.001437
0.002201
0.001546
0.001581
0.001275
0.001072
0.000743
0.000597
0.002030
0.002388
0.000804
0.001345
0.001768
0.001083
0.000685
0.000765
0.001394
0.000711
0.000618
0.000990
0.001198
0.001168
0.001539
0.000631
0.001007
0.001189
0.001230
0.001704
0.001765
0.000965
0.001394
0.000394
0.001255
0.000467
0.001227
0.001350
0.000259
0.000435
0.000903
0.001171
0.001205
0.001476
0.001146
0.001702
0.000869
0.001296
0.001131
0.000579
0.001945
0.001151
0.001072
0.001856
0.001824
0.000942
0.001260
0.001185
0.001396
0.001390
0.000822
0.001889
0.001134
0.001288
0.001063
0.000998
0.001393
0.000676
0.001584
0.001727
0.001102
0.001200
0.000646
0.001912
0.001201
0.001583
0.001175
0.000725
0.002123
0.001529
0.001336
0.002175
0.001768
0.000685
0.000717
0.002186
0.001714
0.001241
0.000577
0.001236
0.002190
0.000963
0.001270
0.002117
0.001398
0.000681
0.001353
0.000957
0.001162
0.000884
0.001131
0.000878
0.000735
0.000188
0.001236
0.001651
0.002637
0.000784
0.000892
0.000931
0.001101
0.001245
0.000716
0.001466
0.001495
0.001060
0.000474
0.000849
0.001197
0.001502
0.001275
0.000964
0.000682
0.001102
0.000944
0.001638
0.001279
0.001455
0.001286
0.000682
0.001347
0.001668
0.001085
0.001138
0.000815
0.001459
0.001068
0.001159
0.000972
0.001434
0.000854
0.001533
0.000385
0.001347
0.000671
0.000803
0.001048
0.002026
0.001611
0.001208
0.001296
0.001859
0.001101
0.001411
0.000836
0.001235
0.000951
0.001337
0.000925
0.001211
0.000417
0.001052
0.001593
0.000841
0.001020
0.000880
0.001409
0.002277
0.001445
0.000424
0.001192
0.001322
0.000587
0.000560
0.001624
0.001462
0.001595
0.001592
0.001582
0.000870
0.001963
0.001392
0.001093
0.001569
0.001143
0.001507
0.000827
0.001639
0.001337
0.000521
0.000714
0.001506
0.001312
0.001257
0.001057
0.001421
0.001279
0.001326
0.001347
0.000888
0.001390
0.001117
0.001017
0.001166
0.001109
0.001258
0.001490
0.001113
0.001632
0.001804
0.000936
0.001860
0.000813
0.000572
0.000524
0.001335
0.001198
0.001149
0.001027
0.001491
0.000188
0.001378
0.001090
0.001452
0.001064
0.001573
0.000897
0.001159
0.000488
0.001062
0.000908
0.000793
0.000926
0.001544
0.001611
0.001937
0.002005
0.001986
0.000607
0.001878
0.001055
0.000795
0.001348
0.002298
0.002211
0.001854
0.000759
0.001937
0.001430
0.001707
0.001170
0.002033
0.001231
0.001197
0.000935
0.000934
0.001468
0.001906
0.000878
0.000907
0.001741
0.001113
0.001048
0.001082
0.001266
0.002232
0.000701
0.001053
0.001049
0.001228
0.001330
0.001310
0.000734
0.000774
0.001067
0.000714
0.000809
0.001202
0.001171
0.001400
0.001214
0.001351
0.001409
0.001211
0.001787
0.000903
0.000824
0.001265
0.000897
0.001333
0.001911
0.001528
0.001388
0.000718
0.001147
0.001278
0.001455
0.001644
0.000990
0.000680
0.002007
0.001112
0.001752
0.001197
0.001716
0.000800
0.001545
0.000633
0.000918
0.001715
0.000692
0.001101
0.002266
0.001588
0.001110
0.001056
0.001052
0.001758
0.000502
0.001089
0.002021
0.001191
0.001364
0.001962
0.001294
0.000475
0.000708
0.001158
0.001356
0.000432
0.001947
0.001092
0.000832
0.000901
0.000998
0.000851
0.000722
0.002106
0.001582
0.001373
0.000944
0.000931
0.001221
0.001570
0.001593
0.000716
0.001223
0.001752
0.001554
0.000690
0.001045
0.001222
0.001368
0.000968
0.001479
0.001002
0.001761
0.000465
0.000746
0.000933
0.000779
0.000633
0.001414
0.000750
0.000951
0.001338
0.001599
0.001484
0.001230
0.001426
0.000945
0.001492
0.000915
0.001778
0.000758
0.001798
0.001278
0.001188
0.000431
0.001019
0.001368
0.002221
0.001313
0.001262
0.001005
0.001300
0.001241
0.000976
0.001396
0.001570
0.001904
0.001479
0.001323
0.001365
0.000526
0.001098
0.001314
0.001230
0.001938
0.001544
0.001229
0.000868
0.001873
0.001071
0.000808
0.000718
0.000745
0.000395
0.001728
0.000926
0.000964
0.001752
0.001737
0.000787
0.001570
0.001507
0.001042
0.001499
0.002202
0.001346
0.000796
0.001364
0.000435
0.001386
0.001130
0.001228
0.000759
0.001639
0.001346
0.001442
0.001948
0.002375
0.002416
0.002229
0.000647
0.001516
0.001611
0.001111
0.000900
0.001629
0.002293
0.001145
0.000738
0.001130
0.001090
0.002029
0.001470
0.001445
0.002020
0.001280
0.002069
0.001048
0.001551
0.002616
0.001454
0.000593
0.001112
0.000599
0.001033
0.000863
0.000851
0.002062
0.001434
0.002278
0.001746
0.001284
0.002329
0.001024
0.001637
0.000930
0.001267
0.000587
0.001277
0.001408
0.001101
0.001353
0.002065
0.001108
0.000544
0.002221
0.001062
0.000844
0.000630
0.001446
0.000371
0.001560
0.001016
0.000767
0.001083
0.000779
0.001316
0.001172
0.001034
0.000964
0.000925
0.001192
0.001022
0.001716
0.001418
0.000550
0.001979
0.000820
0.000479
0.001572
0.000949
0.001100
0.000959
0.002044
0.001287
0.000736
0.001249
0.001152
0.001560
0.000811
0.001318
0.001744
0.001352
0.000738
0.000900
0.001649
0.000837
0.000679
0.001145
0.000969
0.001540
0.000571
0.000859
0.000932
0.001335
0.000732
0.000844
0.001141
0.000831
0.001094
0.001515
0.000812
0.001220
0.001552
0.000685
0.001652
0.001127
0.000188
0.001208
0.001159
0.001313
0.000840
0.001282
0.001039
0.001532
0.000745
0.000831
0.001666
0.001531
0.001823
0.001168
0.001538
0.002032
0.000362
0.000590
0.001474
0.002040
0.001410
0.001622
0.000920
0.001978
0.001851
0.001501
0.000906
0.001484
0.001291
0.000868
0.001786
0.001903
0.002013
0.001383
0.001899
0.001714
0.001418
0.001204
0.001538
0.001482
0.001561
0.001148
0.002232
0.001086
0.001480
0.000529
0.000716
0.002710
0.001477
0.000944
0.001258
0.000784
0.002195
0.000496
0.001068
0.000847
0.001119
0.001886
0.000762
0.001766
0.001009
0.001145
0.000907
0.001228
0.001073
0.001514
0.001334
0.000727
0.001290
0.000951
0.002437
0.000580
0.001928
0.001312
0.001236
0.000701
0.001686
0.001416
0.000885
0.000781
0.000719
0.000568
0.000521
0.001390
0.001655
0.001612
0.001523
0.000877
0.001106
0.001670
0.002247
0.000938
0.001781
0.001232
0.001248
0.001067
0.001417
0.000825
0.001153
0.001628
0.001238
0.001201
0.002514
0.001379
0.001048
0.000987
0.001531
0.001884
0.001007
0.000748
0.001260
0.001665
0.000532
0.001369
0.002070
0.001876
0.001067
0.000861
0.001364
0.001564
0.001739
0.000539
0.001436
0.001093
0.001044
0.001629
0.002366
0.001071
0.001275
0.000665
0.002367
0.001173
0.000843
0.001467
0.001777
0.001402
0.001698
0.001528
0.000933
0.001251
0.001536
0.001384
0.000481
0.001820
0.001352
0.002497
0.001982
0.001176
0.001201
0.000678
0.001979
0.000749
0.000528
0.001312
0.001067
0.000843
0.000927
0.001898
0.001555
0.001152
0.000659
0.000925
0.000996
0.000835
0.000642
0.001273
0.001018
0.002336
0.001636
0.000869
0.000798
0.000489
0.001343
0.000909
0.001172
0.001321
0.000639
0.000841
0.001182
0.000851
0.000755
0.001303
0.000473
0.000707
0.001069
0.001559
0.001612
0.001019
0.001787
0.001580
0.001020
0.001442
0.001979
0.001749
0.001048
0.001344
0.001048
0.002023
0.001336
0.001288
0.001419
0.001173
0.001188
0.001401
0.000942
0.001396
0.002081
0.001040
0.001694
0.000833
0.001143
0.001488
0.000679
0.001220
0.001402
0.001799
0.000897
0.002407
0.001424
0.001425
0.001017
0.002845
0.001972
0.001242
0.001170
0.000468
0.001273
0.000874
0.000886
0.001457
0.001377
0.002189
0.001163
0.001053
0.001230
0.000379
0.001891
0.000494
0.001043
0.000514
0.000988
0.000909
0.001354
0.001153
0.001688
0.000656
0.001755
0.000963
0.001041
0.000738
0.000958
0.000891
0.001328
0.001243
0.002912
0.001802
0.001927
0.000587
0.001500
0.001020
0.001047
0.001437
0.002201
0.001546
0.001581
0.001275
0.001072
0.000743
0.000597
0.002030
0.002388
0.000804
0.001345
0.001768
0.001083
0.000685
0.000765
0.001394
0.000711
0.000618
0.000990
0.001198
0.001168
0.001539
0.000631
0.001007
0.001189
0.001230
0.001704
0.001765
0.000965
0.001394
0.000394
0.001255
0.000467
0.001227
0.001350
0.000259
0.000435
0.000903
0.001171
0.001205
0.001476
0.001146
0.001702
0.000869
0.001296
0.001131
0.000579
0.001945
0.001151
0.001072
0.001856
0.001824
0.000942
0.001260
0.001185
0.001396
0.001390
0.000822
0.001889
0.001134
0.001288
0.001063
0.000998
0.001393
0.000676
0.001584
0.001727
0.001102
0.001200
0.000646
0.001912
0.001201
0.001583
0.001175
0.000725
0.002123
0.001529
0.001336
0.002175
0.001768
0.000685
0.000717
0.002186
0.001714
0.001241
0.000577
0.001236
0.002190
0.000963
0.001270
0.002117
0.001398
0.000681
0.001353
0.000957
0.001162
0.000884
0.001131
0.000878
0.000735
0.000188
0.001236
0.001651
0.002637
0.000784
0.000892
0.000931
0.001101
0.001245
0.000716
0.001466
0.001495
0.001060
0.000474
0.000849
0.001197
0.001502
0.001275
0.000964
0.000682
0.001102
0.000944
0.001638
0.001279
0.001455
0.001286
0.000682
0.001347
0.001668
0.001085
0.001138
0.000815
0.001459
0.001068
0.001159
0.000972
0.001434
0.000854
0.001533
0.000385
0.001347
0.000671
0.000803
0.001048
0.002026
0.001611
0.001208
0.001296
0.001859
0.001101
0.001411
0.000836
0.001235
0.000951
0.001337
0.000925
0.001211
0.000417
0.001052
0.001593
0.000841
0.001020
0.000880
0.001409
0.002277
0.001445
0.000424
0.001192
0.001322
0.000587
0.000560
0.001624
0.001462
0.001595
0.001592
0.001582
0.000870
0.001963
0.001392
0.001093
0.001569
0.001143
0.001507
0.000827
0.001639
0.001337
0.000521
0.000714
0.001506
0.001312
0.001257
0.001057
0.001421
0.001279
0.001326
0.001347
0.000888
0.001390
0.001117
0.001017
0.001166
0.001109
0.001258
0.001490
0.001113
0.001632
0.001804
0.000936
0.001860
0.000813
0.000572
0.000524
0.001335
0.001198
0.001149
0.001027
0.001491
0.000188
0.001378
0.001090
0.001452
0.001064
0.001573
0.000897
0.001159
0.000488
0.001062
0.000908
0.000793
0.000926
0.001544
0.001611
0.001937
0.002005
0.001986
0.000607
0.001878
0.001055
0.000795
0.001348
0.002298
0.002211
0.001854
0.000759
0.001937
0.001430
0.001707
0.001170
0.002033
0.001231
0.001197
0.000935
0.000934
0.001468
0.001906
0.000878
0.000907
0.001741
0.001113
0.001048
0.001082
0.001266
0.002232
0.000701
0.001053
0.001049
0.001228
0.001330
0.001310
0.000734
0.000774
0.001067
0.000714
0.000809
0.001202
0.001171
0.001400
0.001214
0.001351
0.001409
0.001211
0.001787
0.000903
0.000824
0.001265
0.000897
0.001333
0.001911
0.001528
0.001388
0.000718
0.001147
0.001278
0.001455
0.001644
0.000990
0.000680
0.002007
0.001112
0.001752
0.001197
0.001716
0.000800
0.001545
0.000633
0.000918
0.001715
0.000692
0.001101
0.002266
0.001588
0.001110
0.001056
0.001052
0.001758
0.000502
0.001089
0.002021
0.001191
0.001364
0.001962
0.001294
0.000475
0.000708
0.001158
0.001356
0.000432
0.001947
0.001092
0.000832
0.000901
0.000998
0.000851
0.000722
0.002106
0.001582
0.001373
0.000944
0.000931
0.001221
0.001570
0.001593
0.000716
0.001223
0.001752
0.001554
0.000690
0.001045
0.001222
0.001368
0.000968
0.001479
0.001002
0.001761
0.000465
0.000746
0.000933
0.000779
0.000633
0.001414
0.000750
0.000951
0.001338
0.001599
0.001484
0.001230
0.001426
0.000945
0.001492
0.000915
0.001778
0.000758
0.001798
0.001278
0.001188
0.000431
0.001019
0.001368
0.002221
0.001313
0.001262
0.001005
0.001300
0.001241
0.000976
0.001396
0.001570
0.001904
0.001479
0.001323
0.001365
0.000526
0.001098
0.001314
0.001230
0.001938
0.001544
0.001229
0.000868
0.001873
0.001071
0.000808
0.000718
0.000745
0.000395
0.001728
0.000926
0.000964
0.001752
0.001737
0.000787
0.001570
0.001507
0.001042
0.001499
0.002202
0.001346
0.000796
0.001364
0.000435
0.001386
0.001130
0.001228
0.000759
0.001639
0.001346
0.001442
0.001948
0.002375
0.002416
0.002229
0.000647
0.001516
0.001611
0.001111
0.000900
0.001629
0.002293
0.001145
0.000738
0.001130
0.001090
0.002029
0.001470
0.001445
0.002020
0.001280
0.002069
0.001048
0.001551
0.002616
0.001454
0.000593
0.001112
0.000599
0.001033
0.000863
0.000851
0.002062
0.001434
0.002278
0.001746
0.001284
0.002329
0.001024
0.001637
0.000930
0.001267
0.000587
0.001277
0.001408
0.001101
0.001353
0.002065
0.001108
0.000544
0.002221
0.001062
0.000844
0.000630
0.001446
0.000371
0.001560
0.001016
0.000767
0.001083
0.000779
0.001316
0.001172
0.001034
0.000964
0.000925
0.001192
0.001022
0.001716
0.001418
0.000550
0.001979
0.000820
0.000479
0.001572
0.000949
0.001100
0.000959
0.002044
0.001287
0.000736
0.001249
0.001152
0.001560
0.000811
0.001318
0.001744
0.001352
0.000738
0.000900
0.001649
0.000837
0.000679
0.001145
0.000969
0.001540
0.000571
0.000859
0.000932
0.001335
0.000732
0.000844
0.001141
0.000831
0.001094
0.001515
0.000812
0.001220
0.001552
0.000685
0.001652
0.001127
0.000188
0.001208
0.001159
0.001313
0.000840
0.001282
0.001039
0.001532
0.000745
0.000831
0.001666
0.001531
0.001823
0.001168
0.001538
0.002032
0.000362
0.000590
0.001474
0.002040
0.001410
0.001622
0.000920
0.001978
0.001851
0.001501
0.000906
0.001484
0.001291
0.000868
0.001786
0.001903
0.002013
0.001383
0.001899
0.001714
0.001418
0.001204
0.001538
0.001482
0.001561
0.001148
0.002232
0.001086
0.001480
0.000529
0.000716
0.002710
0.001477
0.000944
0.001258
0.000784
0.002195
0.000496
0.001068
0.000847
0.001119
0.001886
0.000762
0.001766
0.001009
0.001145
0.000907
0.001228
0.001073
0.001514
0.001334
0.000727
0.001290
0.000951
0.002437
0.000580
0.001928
0.001312
0.001236
0.000701
0.001686
0.001416
0.000885
0.000781
0.000719
0.000568
0.000521
0.001390
0.001655
0.001612
0.001523
0.000877
0.001106
0.001670
0.002247
0.000938
0.001781
0.001232
0.001248
0.001067
0.001417
0.000825
0.001153
0.001628
0.001238
0.001201
0.002514
0.001379
0.001048
0.000987
0.001531
0.001884
0.001007
0.000748
0.001260
0.001665
0.000532
0.001369
0.002070
0.001876
0.001067
0.000861
0.001364
0.001564
0.001739
0.000539
0.001436
0.001093
0.001044
0.001629
0.002366
0.001071
0.001275
0.000665
0.002367
0.001173
0.000843
0.001467
0.001777
0.001402
0.001698
0.001528
0.000933
0.001251
0.001536
0.001384
0.000481
0.001820
0.001352
0.002497
0.001982
0.001176
0.001201
0.000678
0.001979
0.000749
0.000528
0.001312
0.001067
0.000843
0.000927
0.001898
0.001555
0.001152
0.000659
0.000925
0.000996
0.000835
0.000642
0.001273
0.001018
0.002336
0.001636
0.000869
0.000798
0.000489
0.001343
0.000909
0.001172
0.001321
0.000639
0.000841
0.001182
0.000851
0.000755
0.001303
0.000473
0.000707
0.001069
0.001559
0.001612
0.001019
0.001787
0.001580
0.001020
0.001442
0.001979
0.001749
0.001048
0.001344
0.001048
0.002023
0.001336
0.001288
0.001419
0.001173
0.001188
0.001401
0.000942
0.001396
0.002081
0.001040
0.001694
0.000833
0.001143
0.001488
0.000679
0.001220
0.001402
0.001799
0.000897
0.002407
0.001424
0.001425
0.001017
0.002845
0.001972
0.001242
0.001170
0.000468
0.001273
0.000874
0.000886
0.001457
0.001377
0.002189
0.001163
0.001053
0.001230
0.000379
0.001891
0.000494
0.001043
0.000514
0.000988
0.000909
0.001354
0.001153
0.001688
0.000656
0.001755
0.000963
0.001041
0.000738
0.000958
0.000891
0.001328
0.001243
0.002912
0.001802
0.001927
0.000587
0.001500
0.001020
0.001047
0.001437
0.002201
0.001546
0.001581
0.001275
0.001072
0.000743
0.000597
0.002030
0.002388
0.000804
0.001345
0.001768
0.001083
0.000685
0.000765
0.001394
0.000711
0.000618
0.000990
0.001198
0.001168
0.001539
0.000631
0.001007
0.001189
0.001230
0.001704
0.001765
0.000965
0.001394
0.000394
0.001255
0.000467
0.001227
0.001350
0.000259
0.000435
0.000903
0.001171
0.001205
0.001476
0.001146
0.001702
0.000869
0.001296
0.001131
0.000579
0.001945
0.001151
0.001072
0.001856
0.001824
0.000942
0.001260
0.001185
0.001396
0.001390
0.000822
0.001889
0.001134
0.001288
0.001063
0.000998
0.001393
0.000676
0.001584
0.001727
0.001102
0.001200
0.000646
0.001912
0.001201
0.001583
0.001175
0.000725
0.002123
0.001529
0.001336
0.002175
0.001768
0.000685
0.000717
0.002186
0.001714
0.001241
0.000577
0.001236
0.002190
0.000963
0.001270
0.002117
0.001398
0.000681
0.001353
0.000957
0.001162
0.000884
0.001131
0.000878
0.000735
0.000188
0.001236
0.001651
0.002637
0.000784
0.000892
0.000931
0.001101
0.001245
0.000716
0.001466
0.001495
0.001060
0.000474
0.000849
0.001197
0.001502
0.001275
0.000964
0.000682
0.001102
0.000944
0.001638
0.001279
0.001455
0.001286
0.000682
0.001347
0.001668
0.001085
0.001138
0.000815
0.001459
0.001068
0.001159
0.000972
0.001434
0.000854
0.001533
0.000385
0.001347
0.000671
0.000803
0.001048
0.002026
0.001611
0.001208
0.001296
0.001859
0.001101
0.001411
0.000836
0.001235
0.000951
0.001337
0.000925
0.001211
0.000417
0.001052
0.001593
0.000841
0.001020
0.000880
0.001409
0.002277
0.001445
0.000424
0.001192
0.001322
0.000587
0.000560
0.001624
0.001462
0.001595
0.001592
0.001582
0.000870
0.001963
0.001392
0.001093
0.001569
0.001143
0.001507
0.000827
0.001639
0.001337
0.000521
0.000714
0.001506
0.001312
0.001257
0.001057
0.001421
0.001279
0.001326
0.001347
0.000888
0.001390
0.001117
0.001017
0.001166
0.001109
0.001258
0.001490
0.001113
0.001632
0.001804
0.000936
0.001860
0.000813
0.000572
0.000524
0.001335
0.001198
0.001149
0.001027
0.001491
0.000188
0.001378
0.001090
0.001452
0.001064
0.001573
0.000897
0.001159
0.000488
0.001062
0.000908
0.000793
0.000926
0.001544
0.001611
0.001937
0.002005
0.001986
0.000607
0.001878
0.001055
0.000795
0.001348
0.002298
0.002211
0.001854
0.000759
0.001937
0.001430
0.001707
0.001170
0.002033
0.001231
0.001197
0.000935
0.000934
0.001468
0.001906
0.000878
0.000907
0.001741
0.001113
0.001048
0.001082
0.001266
0.002232
0.000701
0.001053
0.001049
0.001228
0.001330
0.001310
0.000734
0.000774
0.001067
0.000714
0.000809
0.001202
0.001171
0.001400
0.001214
0.001351
0.001409
0.001211
0.001787
0.000903
0.000824
0.001265
0.000897
0.001333
0.001911
0.001528
0.001388
0.000718
0.001147
0.001278
0.001455
0.001644
0.000990
0.000680
0.002007
0.001112
0.001752
0.001197
0.001716
0.000800
0.001545
0.000633
0.000918
0.001715
0.000692
0.001101
0.002266
0.001588
0.001110
0.001056
0.001052
0.001758
0.000502
0.001089
0.002021
0.001191
0.001364
0.001962
0.001294
0.000475
0.000708
0.001158
0.001356
0.000432
0.001947
0.001092
0.000832
0.000901
0.000998
0.000851
0.000722
0.002106
0.001582
0.001373
0.000944
0.000931
0.001221
0.001570
0.001593
0.000716
0.001223
0.001752
0.001554
0.000690
0.001045
0.001222
0.001368
0.000968
0.001479
0.001002
0.001761
0.000465
0.000746
0.000933
0.000779
0.000633
0.001414
0.000750
0.000951
0.001338
0.001599
0.001484
0.001230
0.001426
0.000945
0.001492
0.000915
0.001778
0.000758
0.001798
0.001278
0.001188
0.000431
0.001019
0.001368
0.002221
0.001313
0.001262
0.001005
0.001300
0.001241
0.000976
0.001396
0.001570
0.001904
0.001479
0.001323
0.001365
0.000526
0.001098
0.001314
0.001230
0.001938
0.001544
0.001229
0.000868
0.001873
0.001071
0.000808
0.000718
0.000745
0.000395
0.001728
0.000926
0.000964
0.001752
0.001737
0.000787
0.001570
0.001507
0.001042
0.001499
0.002202
0.001346
0.000796
0.001364
0.000435
0.001386
0.001130
0.001228
0.000759
0.001639
0.001346
0.001442
0.001948
0.002375
0.002416
0.002229
0.000647
0.001516
0.001611
0.001111
0.000900
0.001629
0.002293
0.001145
0.000738
