400 45220 44446 43456 45653 45261 44191 44335 45595 43957 44776
600 51131 48787 48413 48457 48488 48645 48535 49931 48945 52230
800 53106 53180 52934 52699 53191 52873 53036 53579 53063 53407
1000 60861 60382 60709 59479 59278 63425 59300 59261 59327 58982
1200 67489 67505 67802 67761 67487 67595 67488 67469 67535 67589
1400 79024 77173 81084 77355 77554 77354 77536 77253 77632 77298
1600 88049 87948 87976 87982 88165 88199 88035 88505 87973 88070
1800 122001 121415 121741 121565 121585 121688 121788 124460 127136 121796
2000 141269 141308 142555 141272 143592 141741 141815 146156 140204 140402
4000 443960 430390 430349 452939 431050 430795 430593 439713 435042 434301
6000 1161669 1154256 1160454 1152059 1169613 1177849 1152583 1182989 1158575 1140955
8000 2007440 2063959 2000853 2020345 1990734 1989912 1994227 1987893 1995002 2045819
10000 3786318 3700079 4295653 4089922 3791267 3734907 3697640 3709200 3690328 3691944
