0.585316002369
0.375156670809
0.214621469378
0.138465628028
0.114461347461
0.093115016818
0.079459913075
0.067679151893
0.059069480747
0.052026402205
0.046788971871
0.042516026646
0.039292689413
0.036647401750
0.034623369575
0.032943334430
0.031632069498
0.030525652692
0.029638716951
0.028874155134
0.028240676969
0.027680708095
0.027199458331
0.026762764901
0.026373766363
0.026012158021
0.025679871440
0.025366464630
0.025097627193
0.024844519794
0.024595843628
0.024348959327
0.024105703458
0.023864435032
0.023626299575
0.023390248418
0.023157015443
0.022925907746
0.022697415203
0.022471051663
0.022247163579
0.022025389597
0.021805992350
0.021588683128
0.021373672411
0.021160716191
0.020949997008
0.020741296932
0.020534778014
0.020330239087
0.020127836615
0.019927373156
0.019729001448
0.019532529637
0.019338106737
0.019145546481
0.018954994157
0.018766267225
0.018579509109
0.018394535407
0.018211495131
0.018030202016
0.017850805074
0.017673119903
0.017497291788
0.017323141918
0.017150813714
0.016980130225
0.016811231151
0.016643943265
0.016478406265
0.016314445063
0.016152203083
0.015991505235
0.015832493082
0.015674989671
0.015519143082
0.015364774503
0.015212029219
0.015060731210
0.014911025763
0.014762737788
0.014616012573
0.014470675029
0.014326869510
0.014184422791
0.014043480158
0.013903867453
0.013765730895
0.013628894463
0.013493507169
0.013359393924
0.013226700947
0.013095255010
0.012965203263
0.012836372480
0.012708909810
0.012582642026
0.012457716279
0.012333959341
0.012211520225
0.012090225704
0.011970223859
0.011851342395
0.011733728461
0.011617211625
0.011501939967
0.011387740262
0.011274762452
0.011162835173
0.011052106507
0.010942405090
0.010833880864
0.010726361535
0.010619997047
0.010514616035
0.010410369374
0.010307084769
0.010204913095
0.010103682987
0.010003544390
0.009904328734
0.009806183167
0.009708940983
0.009612749331
0.009517440572
0.009423164651
0.009329751134
0.009237351827
0.009145796299
0.009055236354
0.008965502493
0.008876744658
0.008788795210
0.008701805025
0.008615604602
0.008530345745
0.008445859887
0.008362298831
0.008279493079
0.008197595365
0.008116436191
0.008036168292
0.007956624031
0.007877954282
0.007799991872
0.007722888142
0.007646476384
0.007570907939
0.007496015169
0.007421951275
0.007348548155
0.007275958546
0.007204015274
0.007132870611
0.007062358316
0.006992630195
0.006923520006
0.006855180021
0.006787443999
0.006720464677
0.006654075813
0.006588430144
0.006523361430
0.006459022406
0.006395247765
0.006332189776
0.006269683130
0.006207880564
0.006146616768
0.006086044945
0.006025999319
0.005966633093
0.005907781888
0.005849597510
0.005791916512
0.005734890699
0.005678356159
0.005622466095
0.005567055661
0.005512278527
0.005457969848
0.005404283293
0.005351054482
0.005298436619
0.005246266257
0.005194696132
0.005143562797
0.005093019921
0.005042903125
0.004993366543
0.004944246262
0.004895695951
0.004847552162
0.004799968563
0.004752781708
0.004706145730
0.004659897182
0.004614190198
0.004568860866
0.004524063785
0.004479635507
0.004435730632
0.004392185248
0.004349154886
0.004306475166
0.004264301620
0.004222470336
0.004181136843
0.004140137229
0.004099626560
0.004059441853
0.004019737709
0.003980352078
0.003941438626
0.003902835539
0.003864697414
0.003826861503
0.003789482871
0.003752399003
0.003715764731
0.003679418005
0.003643513424
0.003607888939
0.003572699381
0.003537782934
0.003503294196
0.003469071584
0.003435269929
0.003401727416
0.003368599107
0.003335723188
0.003303254489
0.003271031892
0.003239209997
0.003207627684
0.003176439786
0.003145484719
0.003114918014
0.003084578319
0.003054620465
0.003024883568
0.002995522460
0.002966376254
0.002937600249
0.002909033094
0.002880830085
0.002852830570
0.002825189615
0.002797746100
0.002770655788
0.002743757563
0.002717206953
0.002690843074
0.002664821455
0.002638981212
0.002613478107
0.002588151256
0.002563155955
0.002538332250
0.002513835207
0.002489504404
0.002465495374
0.002441647928
0.002418117132
0.002394743264
0.002371681621
0.002348771784
0.002326169517
0.002303714864
0.002281562891
0.002259554109
0.002237843815
0.002216272056
0.002194994129
0.002173850778
0.002152997069
0.002132273279
0.002111835172
0.002091523027
0.002071492141
0.002051583258
0.002031951677
0.002012437908
0.001993197715
0.001974071376
0.001955214422
0.001936467830
0.001917986898
0.001899612369
0.001881499775
0.001863489975
0.001845738385
0.001828086097
0.001810688409
0.001793386298
0.001776335528
0.001759376843
0.001742665889
0.001726043760
0.001709665987
0.001693373662
0.001677322434
0.001661353395
0.001645622193
0.001629970036
0.001614552457
0.001599210780
0.001584100653
0.001569063403
0.001554254559
0.001539515564
0.001525001950
0.001510555390
0.001496331301
0.001482171239
0.001468230737
0.001454351470
0.001440689084
0.001427085139
0.001413695165
0.001400360954
0.001387238037
0.001374168321
0.001361307106
0.001348496531
0.001335891895
0.001323335222
0.001310982159
0.001298674382
0.001286567654
0.001274504000
0.001262638718
0.001250814181
0.001239185687
0.001227595494
0.001216199016
0.001204838511
0.001193669392
0.001182534033
0.001171587850
0.001160673099
0.001149945310
0.001139246859
0.001128733158
0.001118246699
0.001107942895
0.001097664121
0.001087565906
0.001077490742
0.001067594159
0.001057718531
0.001048019389
0.001038339455
0.001028833911
0.001019345596
0.001010029926
0.001000729506
