0.561674535275
0.345466166735
0.189679458737
0.117437653244
0.093169875443
0.072745196521
0.059579599649
0.048705976456
0.040800586343
0.034491237253
0.029771704227
0.025965001434
0.023031011224
0.020616117865
0.018693236634
0.017069865018
0.015729958192
0.014567960054
0.013574351557
0.012690900825
0.011911754496
0.011204540730
0.010565471835
0.009976335801
0.009434532374
0.008929622360
0.008459703065
0.008018624969
0.007604914717
0.007214804180
0.006847096607
0.006499363109
0.006170595996
0.005859133787
0.005564105697
0.005284301471
0.005018956959
0.004767137580
0.004528164864
0.004301281180
0.004085881636
0.003881328274
0.003687078832
0.003502583597
0.003327354556
0.003160909750
0.003002809826
0.002852627542
0.002709966386
0.002574445214
0.002445706632
0.002323408844
0.002207229612
0.002096861368
0.001992013538
0.001892409055
0.001797785982
0.001707894728
0.001622498501
0.001541372505
0.001464303117
0.001391087309
0.001321532531
0.001255455543
0.001192682539
0.001133048325
0.001076395740
0.001022575889
