0.500750899315
0.273030728102
0.127449229360
0.069725140929
0.047633662820
0.032619331032
0.029847184196
0.027244845405
0.025347154588
0.023494066671
0.022112237290
0.020725734532
0.019686071202
0.018607111648
0.017802909017
0.016935914755
0.016298238188
0.015582318418
0.015064877458
0.014601620845
0.014273084700
0.013951940462
0.013638021424
0.013331166469
0.013031214476
0.012738012709
0.012451407500
0.012171250768
0.011897397228
0.011629706249
0.011368037201
0.011112256907
0.010862231255
0.010617830791
0.010378929786
0.010145403445
0.009917131625
0.009693996981
0.009475881234
0.009262674488
0.009054264054
0.008850542828
0.008651405573
0.008456748910
0.008266472258
0.008080476895
0.007898665965
0.007720946334
0.007547224872
0.007377412170
0.007211420685
0.007049163338
0.006890557241
0.006735519972
0.006583970506
0.006435831077
0.006291025318
0.006149476860
0.006011113990
0.005875863601
0.005743656773
0.005614424590
0.005488099996
0.005364617798
0.005243913736
0.005125925876
0.005010592286
0.004897854291
0.004787652288
0.004679930396
0.004574631806
0.004471702501
0.004371089395
0.004272739869
0.004176603165
0.004082629457
0.003990770318
0.003900978016
0.003813205985
0.003727408824
0.003643542295
0.003561562393
0.003481427440
0.003403095296
0.003326525679
0.003251678776
0.003178515937
0.003106999444
0.003037091810
0.002968757413
0.002901960397
0.002836666070
0.002772841137
0.002710452303
0.002649466973
0.002589854179
0.002531582257
0.002474621870
0.002418942750
0.002364516491
0.002311314922
0.002259310335
0.002208475955
0.002158785239
0.002110212576
0.002062732819
0.002016321290
0.001970954007
0.001926607569
0.001883258810
0.001840885496
0.001799465623
0.001758977654
0.001719400636
0.001680714078
0.001642898074
0.001605932834
0.001569799380
0.001534478855
0.001499953098
0.001466204179
0.001433214522
0.001400967245
0.001369445468
0.001338632894
0.001308513689
0.001279072138
0.001250292989
0.001222161460
0.001194662764
0.001167782932
0.001141507761
0.001115823863
0.001090717851
0.001066176686
0.001042187680
0.001018738491
