0.531312704086
0.308539420366
0.157315790653
0.091760411859
0.067790254951
0.048561632633
0.036557897925
0.027083015069
0.022182771936
0.020456265658
0.019098140299
0.017780490220
0.016714327037
0.015676781535
0.014825507998
0.013990393840
0.013302650303
0.012619738467
0.012059382163
0.011494178325
0.011034606956
0.010562194511
0.010183165781
0.009784839116
0.009470594116
0.009131921455
0.008870006539
0.008579644375
0.008360122330
0.008109051734
0.007923945785
0.007704938296
0.007547819987
0.007355056703
0.007220735308
0.007049517240
0.006964132190
0.006894490682
0.006825545803
0.006757290568
0.006689717527
0.006622820627
0.006556592416
0.006491026375
0.006426115986
0.006361854728
0.006298236083
0.006235253997
0.006172901485
0.006111172494
0.006050060503
0.005989559926
0.005929664243
0.005870367866
0.005811664276
0.005753547419
0.005696012173
0.005639052019
0.005582661368
0.005526834633
0.005471566226
0.005416850559
0.005362682045
0.005309055559
0.005255965050
0.005203405395
0.005151371006
0.005099857692
0.005048858933
0.004998370074
0.004948386457
0.004898902960
0.004849913530
0.004801414441
0.004753400572
0.004705866333
0.004658807535
0.004612219520
0.004566097632
0.004520436283
0.004475232214
0.004430479836
0.004386174958
0.004342313390
0.004298890010
0.004255901091
0.004213342443
0.004171208944
0.004129496869
0.004088201560
0.004047319759
0.004006846342
0.003966778051
0.003927110229
0.003887839150
0.003848960856
0.003810471157
0.003772366559
0.003734642873
0.003697296372
0.003660323331
0.003623720258
0.003587482963
0.003551608184
0.003516091965
0.003480931045
0.003446121933
0.003411660669
0.003377543995
0.003343768651
0.003310330911
0.003277227515
0.003244455205
0.003212010721
0.003179890569
0.003148091724
0.003116610926
0.003085444681
0.003054590197
0.003024044447
0.002993803937
0.002963865874
0.002934227232
0.002904884983
0.002875836100
0.002847077791
0.002818607027
0.002790420782
0.002762516728
0.002734891605
0.002707542619
0.002680467209
0.002653662581
0.002627125941
0.002600854728
0.002574846148
0.002549097640
0.002523606643
0.002498370595
0.002473386936
0.002448653104
0.002424166538
0.002399924910
0.002375925658
0.002352166222
0.002328644739
0.002305358183
0.002282304689
0.002259481465
0.002236886648
0.002214517910
0.002192372689
0.002170448890
0.002148744417
0.002127256943
0.002105984371
0.002084924607
0.002064075321
0.002043434652
0.002023000270
0.002002770314
0.001982742455
0.001962915063
0.001943286043
0.001923853182
0.001904614619
0.001885568490
0.001866712817
0.001848045620
0.001829565153
0.001811269554
0.001793156844
0.001775225275
0.001757472986
0.001739898231
0.001722499263
0.001705274335
0.001688221586
0.001671339385
0.001654625987
0.001638079644
0.001621698844
0.001605481957
0.001589427120
0.001573532820
0.001557797543
0.001542219543
0.001526797307
0.001511529321
0.001496414072
0.001481449930
0.001466635382
0.001451969030
0.001437449362
0.001423074864
0.001408844138
0.001394755673
0.001380808186
0.001367000048
0.001353330095
0.001339796698
0.001326398808
0.001313134795
0.001300003496
0.001287003397
0.001274133334
0.001261392026
0.001248778077
0.001236290322
0.001223927480
0.001211688155
0.001199571299
0.001187575515
0.001175699756
0.001163942856
0.001152303419
0.001140780398
0.001129372511
0.001118078828
0.001106898068
0.001095829066
0.001084870775
0.001074022031
0.001063281787
0.001052648993
0.001042122487
0.001031701337
0.001021384262
0.001011170447
0.001001058728
